0221221801
0221221804
0221221809
0221221812
0221221814
0221221820
0221221821
0221221824
0221221826
0221221827
0221221828
0221221829
0221221831
0221221832
0221221836
0221221837
0221221839
0221221840
0221221842
0221221844
0221221845
0221221846
0221221849
0221221850
0320316800
0420044802
0519032800
0520104800
0520104802
0520104803
0520104804
0520104805
0520104807
0520104808
0520104809
0520104810
0520104811
0520104814
0520104816
0520104818
0520104819
0520182041
0520182042
0520182043
1117311001
1119353000
4002000600
4002002500
4002002800
4002003400
4009005180
4012000400
4014004400
4014004600
4014004800
4014005300
4014006010
4016002000
4016003200
4017004000
4017004605
4017004800
4017005400
4017040000
4018000120
4018000400
4018000700
4021050630
4021060020
4021060140
4023000500
4023000800
4023001600
4023001800
4023002200
4023002400
4023002800
4023003200
4023004000
4023004080
4023004250
4023005600
4023005700
4023005810
4023005850
4023006210
4023006350
4023006360
4023006650
4023007100
4023007350
4023007410
4023007700
4023007950
4023008000
4023009010
4023009030
4023010000
4023011050
4023011060
4023015050
4023015170
4023015180
4023015400
4023015555
4023016000
4023016050
4023016080
4023016110
4023016510
4023016520
4023016530
4023017100
4023017110
4023020700
4023048000
4023048020
4023050530
4023050600
4023051020
4023060001
4023060010
4023070040
4023070560
4023070650
4023070675
4023070700
4023080000
4023080010
4023090060
4023090200
4023091020
4023091026
4023091040
4023092110
4023093000
4023094000
4023094100
4023094240
4023094250
4023094260
4023095800
4023095860
4023096300
4023096500
4023096590
4023099650
4023099811
4023099925
4023099930
4023099960
4023099987
4024004000
4024004100
4024005000
4024009010
4024010360
4024010400
4024010500
4024013100
4024020000
4024020050
4024020060
4024030000
4024040100
4024500500
4025020200
4025020210
4025029000
4025036000
4025037000
4025040600
4025050000
4025070025
4025070150
4026000000
4027000400
4027001500
4027006800
4027007400
4027008800
4027010700
4027011200
4027012200
4027014400
4027014610
4030002400
4030002600
4030003400
4030003600
4030004600
4030005600
4030005800
4030006000
4030006200
4030006400
4030006600
4030006800
4030007000
4030007600
4030007610
4030007650
4030007875
4030008010
4030008090
4030008300
4030030000
4030042000
4030060010
4030060250
4030070050
4032002200
4032002850
4032003100
4032020000
4032080500
4032090610
4032510000
4032510900
4035005900
4035007800
4035007910
4035008600
4035010400
4035013000
4035014000
4035015020
4035015800
4035018000
4035018400
4035019800
4035021600
4035021800
4035022800
4035023000
4035025460
4035028000
4035030000
4035030800
4035031000
4035031400
4035031490
4035032300
4035032800
4035033610
4035034000
4035036000
4037015500
4037050000
4037065000
4037065050
4037081050
4037090521
4037090548
4037093505
4037093510
4038000100
4038000150
4041000600
4041001210
4041002000
4041003800
4041004420
4041005000
4041005200
4041007000
4041007400
4041007410
4041009200
4041009460
4041010200
4041011200
4041011290
4041012000
4041012800
4041013810
4041015200
4041016010
4041016300
4041018000
4041018690
4041019000
4041019320
4041019800
4041020200
4041020500
4041020650
4041020660
4041021000
4041021200
4041021265
4041021270
4041021360
4041021400
4041021500
4041025020
4041026000
4041030040
4041030080
4041032050
4041032060
4041036100
4041036210
4041040000
4041065000
4041070500
4041080000
4041080080
4041092050
4041095200
4041095260
4041096500
4043000200
4044050000
4047050000
4047070100
4048000200
4048000400
4048002800
4049201000
4051000220
4052001200
4052001800
4053003000
4053003400
4053004000
4053005300
4053006000
4053006200
4053006510
4053006600
4053009600
4053012800
4053013210
4053013400
4053014600
4053016400
4053016800
4053017800
4053018600
4053018800
4053019000
4053019800
4053020300
4053020600
4053020800
4053021000
4053021600
4053022800
4053025600
4053026400
4053027100
4053027200
4053029802
4053030200
4053031000
4053031010
4053031400
4053032010
4053032100
4053033000
4053033400
4053035000
4053036000
4053036200
4053036310
4053036650
4053036800
4053037000
4053037600
4053037800
4053039400
4053039800
4053041800
4053042620
4053042750
4053042950
4053042960
4053043000
4053043100
4053043150
4053043600
4053043700
4053043850
4053045660
4053045900
4053046000
4053047200
4053049060
4053049070
4053052050
4053052130
4053052180
4053070100
4053070700
4053070770
4053070820
4053075020
4053075030
4053075050
4053075110
4053075120
4053075270
4053078500
4053079110
4053079140
4053079150
4053079167
4053079168
4053079192
4053079201
4053079220
4053079300
4053085000
4053085050
4053085080
4053088000
4053094410
4053094500
4053094520
4053095000
4053095050
4053095500
4053095890
4054002600
4054003400
4054003450
4054003500
4054004000
4054004200
4054004400
4054004800
4054005200
4054005400
4054006600
4054008000
4054008200
4054009000
4054009400
4054010000
4054010050
4054011600
4054012200
4054012400
4054013000
4054014000
4054014200
4054014600
4054014800
4054015000
4054015200
4054015600
4054016000
4054017010
4054017600
4054017800
4054018200
4054019800
4054020000
4054021400
4054022000
4054022200
4054022600
4054023600
4054023800
4054024200
4054025600
4054027200
4054027800
4054028400
4054028600
4054029400
4054029610
4054029800
4054029860
4054030400
4054030810
4054031200
4054031700
4054031800
4054031900
4054032210
4054032270
4054032400
4054033510
4054034010
4054050100
4054070000
4054091000
4054091030
4054091040
4054094050
4054096500
4054096999
4054097100
4054099000
4054099100
4054099600
4054099650
4057002800
4057003500
4057003800
4057004400
4057005205
4057005400
4057007600
4057008800
4057012200
4057013000
4057013200
4057014800
4057015200
4057016400
4057016460
4057019200
4057019400
4057021200
4057024400
4057026810
4057026850
4057028800
4057029800
4057030200
4057030400
4057031400
4057031850
4057032600
4057037700
4057039080
4057039300
4057040200
4057041000
4057055050
4057060640
4057060705
4057060710
4057060760
4057079050
4057080510
4057080700
4057090010
4057090060
4057091030
4059079010
4061000400
4061001600
4061002000
4061002800
4061003000
4061003600
4061004200
4061004400
4061005000
4061005010
4061005210
4061005400
4061005600
4061005700
4061005800
4061006600
4061570600
4063000200
4064000400
4064000500
4064001000
4064001400
4064001870
4064003000
4064010550
4064010600
4064010650
4064010660
4064010700
4064010810
4064014000
4064014500
4064050600
4064050610
4064050800
4064050900
4064060000
4064060020
4064060050
4064060051
4064060055
4064060160
4064060500
4064065050
4064065130
4064065300
4064065500
4064065570
4064070010
4064070060
4066000760
4066000790
4066000795
4066000810
4066000950
4066000965
4066011005
4066011065
4066012250
4066012260
4066013010
4066013020
4066015060
4066015102
4066015130
4066016620
4066016650
4066018040
4066020000
4066020070
4066020080
4066023220
4066023250
4066023300
4066023550
4066025020
4066025310
4066025320
4066025500
4066030100
4066030530
4066050000
4066050010
4066050020
4066051000
4066054990
4066055020
4066060000
4066079350
4066079460
4066080000
4066080270
4066081060
4066085000
4066085300
4066086060
4066087100
4066087310
4066087562
4066087650
4066087850
4066099010
4069020000
4069030005
4069050000
4070000200
4071016650
4071016780
4071016900
4071017000
4071500000
4072061000
4072070020
4072070100
4072080500
4072080900
4073050000
4074004400
4074008810
4074009200
4074009210
4074013000
4074013800
4074017410
4074019200
4074019500
4074019700
4074020000
4074023800
4074024100
4074025100
4074027600
4074030200
4074031000
4074034000
4074036800
4074037030
4074037400
4074037600
4074038000
4074039200
4074039300
4074042110
4074042800
4074042920
4074047050
4074050500
4074060025
4074060200
4074081060
4074081075
4074081100
4074082151
4074082154
4074082156
4074084002
4074084003
4074084203
4074084301
4074084401
4074084600
4075000000
4078001000
4080000000
4082010090
4082010310
4082010368
4082010465
4083000200
4085040000
4085500400
4085500500
4086000600
4086001200
4086002700
4086002750
4086002755
4086002770
4086002910
4086003150
4086003770
4086004000
4086004570
4086005700
4086009000
4086009200
4088000700
4089001200
4089001800
4089003200
4089005600
4089005900
4089007800
4089008800
4089009800
4089010000
4089011000
4089011300
4089011500
4089012000
4089012400
4089012600
4090000000
4092075000
4093025210
4093025385
4093025431
4093025500
4093025669
4093025855
4093025860
4093025862
4093025867
4093025872
4093025893
4093025915
4093026005
4093026010
4093030001
4093030005
4093031025
4093031355
4093031560
4093031561
4093035170
4093035180
4094000400
4094000450
4094000500
4094000600
4094000860
4094020520
4094040470
4095050000
4095060000
4095064800
4095065120
4095065570
4095065571
4095070000
4095070100
4100000200
4100010000
4100052000
4102000015
4102000045
4102000190
4102000200
4102000210
4102000320
4102000400
4102000510
4102001200
4102002300
4102003400
4102003450
4102003480
4102003560
4102020110
4102050210
4102050400
4102090600
4102091000
4102091010
4102091020
4102091021
4102091030
4102096800
4102097200
4102098340
4102098370
4102098405
4102098500
4102099000
4102099020
4102099581
4102099590
4102099860
4102099910
4102099920
4102100210
4102100450
4103000000
4105000010
4107000500
4110055000
4110056050
4110056100
4111500020
4111500060
4111500100
4111500350
4111500900
4113000000
4117001400
4117002600
4117003000
4117081762
4125000000
4129000000
4129000406
4129030000
4129040000
4129042100
4129042700
4129060500
4129070200
4131002400
4131002600
4131003800
4131004000
4131004600
4131005000
4131005800
4131006000
4131007800
4131008800
4131009000
4131009600
4131010000
4131011800
4131012810
4131012870
4131013200
4131013800
4131014000
4131015750
4131015800
4131016200
4131017200
4131017600
4131018400
4131018600
4131019400
4131020000
4131020800
4131021200
4131023800
4131024000
4131025000
4131025400
4131025800
4131026200
4131026600
4131026800
4131027200
4131027400
4131027600
4131029000
4131029800
4131030200
4131030250
4131031000
4131031400
4131031500
4131031800
4131032200
4131033000
4131033400
4131034200
4131034800
4131035600
4131035800
4131036200
4131036500
4131036600
4131036800
4131037210
4131037400
4131038400
4131038410
4131039200
4131039300
4131040000
4131040600
4131041200
4131041400
4131041800
4131042200
4131042600
4131042800
4131043400
4131045000
4131045010
4136000500
4136010030
4136018000
4136094150
4138000000
4139600425
4139600450
4139600860
4141010500
4141020000
4141020070
4141030150
4141032000
4141033200
4141033500
4144001000
4144010300
4144010600
4144010800
4144011810
4144014000
4144014010
4144017400
4144017600
4144017800
4144018000
4144019200
4144019400
4144019410
4144020000
4144020600
4144022600
4144022700
4144022750
4144022910
4144023200
4144023750
4144023800
4144023810
4144024150
4144024300
4144024750
4144024920
4144025010
4144026130
4144052000
4144060000
4144070040
4144070060
4144070110
4144070120
4144090000
4146007500
4146009450
4146009800
4146016900
4146017865
4146018850
4146020300
4146020400
4146027000
4146027400
4146027600
4146028400
4146029210
4146029360
4146033400
4146036400
4146037400
4146039200
4146039800
4146041000
4146047400
4146051200
4146052000
4146053200
4146055800
4146056400
4146057400
4146058800
4146059600
4146062000
4146063310
4146063800
4146066200
4146066400
4146066800
4146067000
4146067600
4146068550
4146069000
4146070000
4146070211
4146070300
4146070410
4146070800
4146071000
4146071100
4146071200
4146071600
4146071800
4146072100
4146073600
4146074000
4146074400
4146074420
4146076400
4146077200
4146077600
4146078000
4146078200
4146078300
4146078800
4146078820
4146079200
4146079220
4146079600
4146079800
4146079900
4146080000
4146080200
4146080290
4146080550
4146080800
4146081110
4146081250
4146081880
4146081900
4146081905
4146081930
4146081950
4146082600
4146083025
4146090110
4146090200
4146090463
4146090470
4146090550
4146090560
4146090620
4146090800
4146090805
4146090960
4146090970
4146091030
4146091080
4146091090
4146091160
4146091175
4146091185
4146092500
4146092510
4146093060
4146094200
4146094300
4146094310
4146094320
4146094460
4146095520
4146095530
4146096000
4146096020
4146096040
4146096810
4146097110
4146099145
4146099210
4146099213
4146099620
4146099991
4146120005
4146179600
4146179810
4146179820
4146180200
4146190160
4146191016
4146191030
4146191041
4146191050
4146191055
4146191056
4146192000
4146192570
4146192950
4146193000
4146193005
4146193031
4146193857
4146193858
4146194000
4146194005
4146194009
4146194012
4146194052
4146195000
4146195362
4146196200
4146196201
4146196251
4146196456
4146196500
4146196503
4146196510
4146196550
4146196811
4146196820
4147001200
4147001410
4147004200
4147004601
4147005200
4147005400
4147007000
4147007200
4147007400
4147007600
4147011600
4147011800
4147013000
4147013600
4147014200
4147014800
4147015200
4147015400
4147015800
4147016200
4147017000
4147017400
4147017650
4147017800
4147018000
4147018800
4147019600
4147019800
4147020410
4147021000
4147022100
4147022101
4147022600
4147023500
4147023600
4147023900
4147024200
4147024510
4147024530
4147024550
4147024750
4147025110
4147025500
4147025600
4147026100
4147026150
4147026210
4147030600
4147031000
4147032010
4147032020
4147035010
4147035100
4147037030
4147037510
4147038120
4147040000
4147040005
4147040010
4147040040
4147041010
4147041020
4147042059
4147042060
4147042070
4147043010
4147070010
4147080010
4147080020
4147085600
4147085700
4147087020
4147087025
4147090100
4147091000
4147091300
4147092000
4147092030
4147098120
4148000005
4148000015
4148000030
4149000000
4150000600
4150000800
4150001000
4150001200
4150001800
4150001810
4150001900
4150002200
4150002400
4150003600
4150004100
4150004730
4150004800
4150006540
4150006560
4150007000
4150007050
4150007060
4150007110
4150010020
4150012010
4150015600
4150016000
4150030100
4153003000
4153004400
4153007600
4153008000
4153008200
4153008600
4153008800
4153009400
4153009800
4153010000
4153010700
4153011800
4153012600
4153013200
4153014000
4153014400
4153014600
4153014800
4153015000
4153015600
4153016200
4153030010
4153070020
4155000000
4155000150
4155001000
4155010100
4155011100
4155013500
4155018600
4155020610
4155040000
4155040020
4155040280
4155050000
4155050501
4155052002
4155100150
4155100160
4157010000
4160000600
4161011100
4161012000
4161015000
4161050050
4161050100
4162000110
4162000750
4162001320
4162002300
4162002400
4162002600
4162002650
4162020000
4162050090
4162060550
4162071010
4162071100
4162080000
4162080070
4162080090
4162090110
4162090130
4162090140
4163010100
4163020400
4163030520
4163030540
4163056000
4163056300
4163056390
4163056420
4163056426
4163056430
4163056448
4163056452
4163056460
4163058000
4163058010
4163061000
4163061200
4163061250
4163061500
4163070000
4163070030
4163070750
4163070760
4163070770
4163071000
4163071500
4163081700
4163081800
4163081825
4163081925
4163095060
4163095150
4163095152
4163095551
4163095700
4163095755
4163195901
4163200100
4166000250
4166000360
4166000400
4166000700
4166000800
4166002400
4166003200
4166007200
4166009010
4166010300
4166010500
4166010510
4166010800
4166010950
4166011170
4166011180
4166011190
4166056040
4166056500
4166070000
4166070050
4166070230
4166070290
4166070300
4166070310
4166070320
4166070340
4166070600
4166074000
4166075000
4168000000
4168000600
4168001400
4168001600
4168009500
4168010060
4168010070
4168010083
4168020000
4168029500
4168030000
4168090500
4168093050
4168095303
4168095690
4172001200
4172060000
4174000200
4174000400
4174040000
4174045500
4175000000
4175000400
4175001400
4175001800
4175002200
4175002500
4175002900
4175003410
4175003600
4175004000
4175004200
4175004600
4175004800
4175005200
4175006810
4175007400
4175008000
4175008400
4175009000
4175009500
4175009800
4175010400
4175010800
4175011200
4175011600
4175011650
4175011800
4175011805
4175011820
4175011900
4175012200
4175012620
4175012640
4175012650
4175012800
4175012810
4175012900
4175013500
4175013520
4175013550
4175013560
4175013600
4175013650
4175013700
4175013710
4175015000
4175019120
4175019250
4175019410
4175019450
4175019475
4175020000
4175029000
4175041000
4175060200
4175080100
4175080130
4175080150
4175080800
4175080900
4175081001
4175081012
4175083200
4175083230
4175083251
4175083660
4175083851
4175083864
4176000000
4177000130
4177000660
4177000670
4177000800
4177000810
4177009100
4177009110
4177020560
4177021100
4177040000
4177040050
4177050600
4177060100
4177060600
4177060700
4177060750
4177060780
4177060990
4177061000
4177080000
4177080100
4177080150
4177080510
4177080530
4178040030
4178050000
4178050100
4178060000
4178060020
4178060025
4178500030
4179008010
4179011200
4179015000
4179015650
4179016200
4179019200
4179019600
4179020400
4179021200
4179021400
4179021810
4179022200
4179022400
4179023500
4179023600
4179028000
4180010000
4181000000
4181030701
4182000002
4182000020
4182000025
4182000250
4182000400
4183000300
4183000320
4183000370
4186000000
4189090000
4191001800
4193001800
4193002000
4193002400
4193003800
4193004000
4193004600
4193007020
4193007200
4193008600
4193008610
4193008800
4193009600
4193009800
4193010810
4193011700
4193011920
4193011930
4193014210
4193014500
4193014560
4193014600
4193015000
4193015150
4193016000
4193020010
4193020100
4193020500
4193020550
4193020570
4193021010
4193030410
4193030425
4193600700
4193950060
4193960010
4193970015
4193970050
4193970100
4193970295
4193970300
4193970320
4193970370
4193970440
4193971000
4193979300
4193979700
4193980500
4193980600
4193990010
4193990015
4193990028
4193990030
4193990070
4193991175
4193994050
4193994500
4193994520
4193995015
4193995080
4193995500
4193996009
4193996060
4193996090
4193998000
4193998500
4193998560
4193999100
4193999250
4193999280
4193999300
4193999480
4193999485
4193999600
4193999625
4193999730
4193999740
4198000060
4198000810
4198003600
4198003800
4198004000
4198004400
4198005000
4198005020
4198005200
4198005800
4198006600
4198008200
4198009110
4198009200
4198009600
4198010000
4198010010
4198010800
4198010900
4198010910
4198013100
4198013200
4198013500
4198013510
4198014100
4198014399
4198014410
4198015060
4198015300
4198016000
4198016020
4198016050
4198016070
4198016110
4198017000
4198020030
4198020040
4198020060
4198020300
4198020500
4198020520
4198028000
4198028690
4198028710
4198028730
4198028740
4198028770
4198028800
4198029010
4198029020
4198029600
4198029650
4198029680
4198029750
4198029955
4198030500
4198042300
4198042350
4198042360
4198042420
4198042500
4198042550
4198042570
4198042825
4198042835
4198042860
4198042900
4198042911
4198042930
4198042945
4198042946
4198042950
4198043000
4198043025
4198043900
4198043960
4198043961
4198043988
4198044000
4198044300
4198044400
4198044650
4198044805
4198046000
4198050000
4198051105
4198051110
4198053000
4198053010
4198055000
4198066000
4198070520
4198075000
4199000000
4199000200
4199000400
4199000500
4199000600
4199001200
4199001400
4199001600
4199001800
4199002000
4199003000
4199003400
4199003600
4199004500
4199004750
4199009000
4199012000
4199012050
4200000200
4200000600
4200001600
4200005400
4203300100
4203400000
4204000000
4204000800
4207000200
4207001600
4207002550
4207002600
4207003000
4207003260
4207004060
4207004300
4207004450
4207005710
4207006000
4207006800
4207007000
4207007290
4207007295
4207007420
4207008300
4207009010
4207009200
4207010010
4207010020
4207010030
4207012010
4207013550
4207013560
4207013710
4207020010
4207020300
4207022030
4207023000
4207023620
4207024540
4207025500
4207035000
4207036030
4207036060
4207036100
4207036200
4207039800
4207040100
4207040500
4207040600
4207050000
4207050050
4207066525
4207066650
4207071000
4207085015
4207085020
4207085025
4207085030
4207085035
4207086000
4207087150
4207094500
4207096500
4207096750
4207096800
4207097000
4207097010
4207097200
4207097210
4207097470
4207097600
4207099000
4207099120
4207099265
4207099500
4207099525
4207099535
4208010200
4208010350
4208014000
4208014500
4208014580
4208030100
4208030110
4208030300
4208030350
4208050300
4208050500
4208050520
4208050525
4208050600
4208053000
4208080000
4208091000
4208093000
4208093060
4208095325
4211000400
4211002810
4211002880
4211003200
4211004801
4212000250
4212000535
4212000610
4212000750
4212000800
4212000900
4212001150
4212001210
4212001270
4212001600
4212001620
4212001660
4212004000
4213002910
4213003170
4213005650
4213007400
4213008000
4213008900
4213010800
4213011600
4213012600
4213013600
4213013900
4213014400
4213015000
4213016200
4213016400
4213017600
4213017850
4213018200
4213018600
4213019400
4213019600
4213019700
4213020750
4213021200
4213022200
4213022210
4213023280
4213027070
4213027080
4213050050
4213060100
4213060550
4213070100
4213070555
4213070580
4213071300
4213080000
4213080056
4213080060
4213080070
4213080075
4213080090
4213080093
4213080097
4213080098
4213090080
4213090100
4213090123
4213090130
4213091585
4213091600
4213091710
4213091715
4213091720
4213091770
4213091800
4213093010
4213093100
4213093300
4214060005
4214090000
4214090500
4214090510
4214091011
4214091100
4214091200
4214092000
4214093080
4214096000
4214098100
4214098190
4214098352
4214098700
4215010200
4215013400
4215014800
4215015000
4217000400
4219006020
4219006060
4219008000
4219009100
4219009120
4219030110
4219033500
4219040050
4219050000
4221001600
4221001800
4223000400
4223000800
4223000810
4223002000
4223002600
4223010000
4223030050
4225000000
4225100010
4228000800
4228003000
4228003400
4230001600
4230005010
4230009000
4230009200
4230009600
4230010000
4230010400
4230011000
4230012010
4230012600
4230015000
4230015200
4230017000
4230017200
4230020200
4230020800
4230022400
4230022700
4230022800
4230023650
4230025430
4230025600
4230028000
4230028270
4230028600
4230029000
4230029260
4230030210
4230031000
4230031200
4230031400
4230032500
4230033810
4230034600
4230035300
4230037200
4230037620
4230040400
4230040410
4230042000
4230043800
4230044450
4230045500
4230045620
4230046290
4230047400
4230047810
4230047811
4230047820
4230047850
4230048000
4230048150
4230048160
4230048170
4230048555
4230048600
4230049200
4230050050
4230050100
4230050200
4230050400
4230050420
4230050440
4230050550
4230050560
4230050600
4230050610
4230050671
4230050710
4230050740
4230050881
4230060100
4230060110
4230060510
4230060530
4230060540
4230070530
4230070610
4230070650
4230080000
4230080010
4230080170
4230090077
4230090100
4230092000
4230093250
4230093260
4230093270
4230097090
4230099470
4232000000
4232000100
4232000200
4232000400
4232000600
4232000900
4232001000
4232002800
4232003450
4232003700
4232004000
4232004400
4232004500
4232004600
4232004800
4232005000
4232005200
4232005450
4232006600
4232008000
4232008200
4232008600
4232008800
4232009200
4232025000
4232030000
4232030100
4233000000
4233000415
4233000800
4236000710
4236001200
4236001600
4236002000
4238000200
4238001200
4238001400
4238002400
4238002600
4238002800
4238003000
4238003600
4238003800
4238004000
4238004200
4238004400
4238004600
4238006000
4238006200
4238006300
4238008000
4240001200
4243002100
4243002550
4243003050
4243004850
4243005110
4243005700
4243005751
4243006100
4243006630
4243006740
4243006750
4243006760
4243006910
4243006970
4243080000
4243090000
4243090100
4243090900
4243091051
4243091371
4243091375
4243091386
4243091450
4243091455
4243091466
4243091475
4243092000
4243092300
4243092310
4243092570
4243092580
4243093400
4243094430
4243095000
4243095140
4243095150
4243095200
4243095451
4243095454
4243095459
4243095461
4243095600
4243095650
4243095670
4243096050
4243096100
4243096160
4243097220
4243097600
4243097670
4243098200
4243098500
4243098664
4243098680
4243099210
4243099520
4243099950
4244000001
4244000199
4244050900
4246045000
4249000810
4249005600
4250010000
4253001820
4253002000
4253002410
4253003600
4253004200
4253005000
4253005400
4253005510
4253005520
4253006400
4253006600
4253007000
4253007600
4253008200
4253008400
4253009400
4253010000
4253010200
4253011000
4253011200
4253012200
4253013800
4253014300
4253014680
4253015000
4253015800
4253016200
4253016400
4253016900
4253017500
4253017650
4253017660
4253018010
4253018215
4253018226
4253018258
4253018280
4253018300
4253018400
4253019010
4253019090
4253019100
4253019800
4253019870
4253020000
4253048000
4253048060
4253048070
4253050100
4253052010
4253053200
4253055000
4253060010
4253060030
4253060050
4253060060
4253060070
4253060100
4253060140
4253060150
4253060160
4253060165
4253060170
4253062000
4253062100
4253070000
4253070020
4253070100
4253070500
4253072000
4253080500
4253090010
4253090011
4253090030
4253090050
4253090060
4253090110
4253090500
4253099010
4254000000
4260000450
4260000455
4260000900
4260000950
4260000960
4260001200
4260001220
4260002200
4260002800
4260003800
4261003800
4261008600
4261009800
4261010400
4261011600
4261013800
4261014360
4261014510
4261015400
4261017910
4261017915
4261017960
4261019800
4261020460
4261020800
4261021400
4261021610
4261022000
4261022200
4261023000
4261023400
4261025000
4261025800
4261026400
4261026630
4261027000
4261029400
4261029600
4261030200
4261031200
4261031400
4261031610
4261032400
4261034700
4261035400
4261035600
4261035800
4261036200
4261037400
4261038000
4261038400
4261038500
4261039600
4261040200
4261040310
4261041000
4261041200
4261041400
4261043000
4261043200
4261043400
4261043800
4261043810
4261044050
4261044200
4261044400
4261044450
4261044810
4261050000
4261061500
4261062000
4261062010
4261069050
4261070000
4261070010
4261070500
4261070510
4261071660
4261071670
4261071680
4261072000
4261090000
4261090010
4261090012
4261090207
4261090360
4261090370
4261090395
4261090430
4261090450
4261090470
4261090520
4261090715
4261094030
4261094035
4261094050
4261094060
4261094065
4261095000
4261095050
4261097020
4261097092
4261097110
4261097130
4261097500
4261097600
4261099000
4261099520
4261099560
4261099575
4261099875
4261099930
4261500499
4261500500
4261500510
4261500750
4261500851
4262001300
4267003400
4267004200
4267004400
4278080040
4278090050
4281049515
4281050023
4281050030
4281070000
4281081270
4281081510
4281081530
4281081900
4281082240
4281083790
4281083810
4281083836
4281083880
4281083891
4281084450
4281084530
4281100420
4281100425
4281120000
4281120010
4281130340
4281130350
4281131000
4285031980
4285032000
4285041000
4285060225
4285060942
4285060949
4285060950
4285060953
4285070050
4285070701
4285070850
4285070852
4285070875
4285071003
4285071050
4286020000
4293002800
4293006200
4293007450
4293018200
4293020000
4293022280
4293022800
4293023200
4293024000
4293025400
4293036400
4293036600
4293037850
4293038400
4293039400
4293041300
4293041800
4293046300
4293049600
4293051800
4293052200
4293053200
4293053520
4293054800
4293054900
4293055600
4293056000
4293059010
4293061500
4293062150
4293062400
4293065010
4293065105
4293066110
4293080260
4293080270
4293080310
4293080550
4293080600
4293090100
4293090107
4293090109
4294001070
4294001510
4294001520
4294001600
4294025210
4294040000
4294041325
4294041340
4294070200
4294070202
4294070350
4296000800
4296001800
4299010700
4299014800
4299015000
4299015600
4299016800
4299017200
4299017400
4299019400
4299020000
4299020200
4299020800
4299021000
4299022200
4299022650
4299023200
4299024200
4299025390
4299025410
4299026000
4299026110
4299026250
4299027100
4299027400
4299027401
4299027660
4299027680
4299030010
4299040100
4299050510
4299073000
4299073001
4299075000
4299080000
4299090010
4299090050
4299091690
4299091815
4303000600
4303001000
4303070000
4303080070
4303082010
4303082125
4303082175
4303082300
4303082600
4303085000
4305050600
4306000190
4306000282
4306000335
4306000345
4306000400
4306000800
4306010100
4306060450
4306060455
4306070000
4306520100
4307000000
4308002000
4308002400
4308003600
4308004900
4308005000
4308005800
4308006300
4308007800
4308008600
4308009000
4308010000
4308011600
4308012200
4308012400
4308012800
4308013200
4308013400
4308013600
4308013950
4308014400
4308014600
4308015000
4308015200
4308016000
4308016960
4308017000
4308018200
4308019200
4308019600
4308019840
4308019850
4308020010
4308021200
4308021400
4308022000
4308022400
4308022450
4308022600
4308022850
4308025000
4308025800
4308027400
4308027600
4308028000
4308028210
4308029210
4308030400
4308030710
4308031400
4308031770
4308032600
4308032710
4308032880
4308032890
4308032950
4308032980
4308033050
4308033060
4308033310
4308033350
4308033900
4308050120
4308050130
4308081000
4308081500
4308082490
4308083000
4308088900
4308089500
4308089570
4308089710
4308089730
4308090040
4308090100
4308090150
4308090250
4308090300
4308090450
4308090510
4314001700
4314002200
4314002210
4315000000
4315001420
4315001700
4315002200
4315002400
4315002600
4315002810
4315002900
4315005800
4315006020
4315006200
4315006400
4315007230
4315007410
4315008700
4315009200
4315009410
4316040000
4316040005
4316045000
4316060000
4320030000
4321000200
4325000000
4328000400
4328000800
4329000100
4329001150
4330001200
4330001800
4330002200
4330002600
4330004610
4330004620
4330006400
4330006600
4330007400
4330008100
4330009800
4330010000
4330011000
4330012400
4330013200
4330014600
4330014800
4330015200
4330015450
4330016610
4330017000
4330040000
4330050000
4330050510
4330051000
4331000320
4332002000
4332004200
4332005600
4332006200
4332006600
4332006810
4332007800
4332007850
4332008000
4332010020
4332020000
4332020010
4332061500
4332062000
4332066100
4332066760
4332070000
4332080000
4332090010
4333000000
4334500000
4336000210
4337000200
4337000300
4337000920
4337001160
4337001200
4337001210
4337001450
4337030000
4337051700
4337055000
4337055060
4337055100
4337055110
4337055165
4337055170
4337055175
4337056050
4337057010
4337080170
4337080570
4337080700
4337090060
4337090070
4337090630
4337096750
4337096860
4337097100
4337099030
4337099041
4337099050
4337099075
4337099103
4337099120
4337099500
4337099551
4337099576
4340000000
4342000600
4346019500
4346060010
4348001850
4349001600
4349003850
4349003875
4349020000
4349050000
4353001600
4353002500
4353002800
4353011000
4353060000
4353075000
4353090020
4356000250
4357001010
4357002000
4357050000
4357060105
4357060107
4357060650
4357081160
4357081420
4357081586
4357081600
4357081605
4357081615
4357081700
4357081900
4357083000
4357093010
4357094000
4357095000
4357095100
4357096000
4358000450
4358000800
4358001000
4358001800
4358002750
4358003505
4358003506
4358003520
4358010000
4358020000
4362000150
4362000200
4365001200
4365001800
4365002200
4365005300
4365005320
4365005400
4365005500
4365007000
4365010000
4365010400
4365011200
4365011400
4365012700
4365012800
4365013600
4365014430
4365014800
4365015220
4365015800
4365016200
4365016600
4365016800
4365017000
4365017400
4365017800
4365018000
4365018200
4365019200
4365020000
4365031000
4367000000
4367010000
4367020000
4367020010
4367040000
4367041800
4367042151
4367042153
4367042174
4368002000
4369020000
4369030000
4369040000
4369044000
4369050050
4369051000
4369064501
4369070500
4369070560
4369080440
4369080475
4369081875
4369086500
4369086750
4369086780
4369087020
4369087080
4369087120
4369089100
4369089120
4369089350
4369091010
4372000000
4374000000
4375000400
4375000600
4375001000
4379004400
4381000200
4381003000
4383000600
4383050000
4385000400
4385001000
4385001400
4387000400
4390001500
4390002400
4390002800
4390006200
4390006400
4390007200
4390008200
4390008700
4390009000
4390013400
4390013500
4390015100
4390016500
4391000200
4391000900
4391003200
4391008400
4391008450
4391008500
4391020000
4391030000
4391040010
4391040050
4391040100
4391040500
4391041000
4391041500
4391042000
4391042500
4391042510
4391042515
4391042520
4391050100
4391050105
4391050110
4391050220
4391050605
4391060520
4391060540
4391086500
4391086520
4391087000
4391087100
4391088010
4391088055
4391088080
4391089500
4391089560
4391089574
4391089600
4391090400
4391091000
4391091500
4391092050
4391092080
4391093910
4391094500
4391095100
4391095501
4391095575
4391096900
4391096920
4391096930
4391098060
4391098110
4391098851
4395002200
4395002400
4395002600
4395002800
4395003400
4396065100
4396070000
4398001600
4400000110
4400070000
4400501600
4401000480
4401000600
4401010020
4403000800
4403001830
4403003000
4403024000
4403024010
4403024200
4403024210
4403070500
4403070510
4403091150
4403093000
4403095000
4403097050
4403097150
4403097300
4403098200
4403098450
4404008000
4405050120
4405050500
4405050510
4405053000
4405055500
4405055550
4405070000
4405080000
4405086100
4406009000
4407000600
4407000890
4407001000
4407001400
4407001800
4409050000
4409050050
4409050510
4409051000
4410000155
4410000390
4410000400
4410000950
4410000960
4410004000
4410005900
4410010030
4410010060
4410010230
4410010300
4410010350
4410050020
4410060030
4410060080
4410060115
4410060120
4410060130
4410060140
4410060150
4410060200
4410060250
4410060300
4410061000
4410062500
4410062600
4410062700
4410062710
4410085200
4410090000
4410090057
4410090058
4410091150
4410093000
4410095000
4411001800
4411005200
4411007000
4411007600
4411008100
4411008400
4411008480
4411011000
4411011800
4411014400
4411015600
4411015605
4411016210
4411016810
4411019000
4411025010
4411026650
4411026800
4411027420
4411027610
4411027850
4411028010
4411028450
4412000000
4412001980
4412002005
4412002350
4412005050
4412005059
4412051910
4412052550
4412070000
4412071510
4412072000
4412085020
4412085030
4412085060
4412085255
4412085325
4412087000
4412090310
4412090680
4412093500
4412097000
4412097060
4412097255
4412097400
4412097800
4412098100
4412098150
4412098300
4412098450
4412098625
4412098635
4412098666
4412098685
4412098708
4412098795
4412098798
4412098810
4412098814
4412098861
4412098905
4412098930
4412099010
4412099300
4412099410
4412099420
4412099660
4412099725
4412099785
4412099805
4412099812
4412099840
4412099910
4412099915
4412099920
4412099955
4412099957
4412100003
4412100110
4412100200
4412100240
4412100300
4412100380
4412100400
4412100401
4412100405
4412101000
4412102015
4412102020
4412102045
4412102101
4412102105
4412102120
4412102130
4412102135
4412103000
4412116000
4412116005
4412116025
4412116030
4412116050
4412117300
4412117421
4412117500
4412120000
4412120005
4412120007
4412120008
4412120010
4412120011
4412120012
4412120121
4413000000
4413000200
4414050000
4414060010
4414070000
4414070500
4414085000
4415015100
4415080050
4415081000
4415082950
4415083000
4415083300
4415086800
4416040000
4417004400
4417005200
4417005490
4417005600
4417006000
4417008800
4417009800
4417010400
4417010800
4417011000
4417011800
4417012200
4417012800
4417013400
4417014000
4417014200
4417014400
4417014600
4417015000
4417015600
4417015800
4417016600
4417016800
4417016850
4417017200
4417017600
4417018200
4417019600
4417020600
4417021000
4417021600
4417022010
4417022400
4417022800
4417023400
4417023890
4417024100
4418005800
4418010200
4418010800
4419000110
4419000115
4419000125
4419000160
4420000400
4420004200
4420006400
4421097110
4422000600
4423003800
4423006500
4423008600
4423009800
4423012700
4423014000
4423014600
4423014900
4423015000
4423015510
4423016000
4424000400
4424000600
4424002000
4424002200
4424002700
4424010010
4425050000
4426000600
4426000700
4426001200
4426001800
4426002000
4426002400
4426002600
4426003000
4426003200
4426003800
4426004400
4426004600
4426005500
4426005505
4426005510
4426005600
4426005910
4426006050
4426006200
4426006400
4426006600
4426007050
4426007060
4426009000
4426009050
4426009140
4426009365
4426009380
4426009390
4426009399
4426012300
4426012580
4426013100
4426013200
4426017500
4426018000
4426018100
4426018150
4426020010
4426070000
4426070015
4426070020
4426070060
4426070120
4426070125
4426070130
4426070300
4426090000
4426095010
4426095015
4426095018
4426095050
4426095060
4426095081
4426095100
4426095118
4426098121
4426098130
4426098600
4429004000
4429004090
4429005025
4430002200
4430002400
4430002600
4430003000
4430007600
4432000600
4432001000
4432010000
4433025010
4433025030
4433025500
4433025510
4438000000
4438000100
4438000400
4438000500
4438000600
4438001400
4438010100
4438010390
4438010392
4439000000
4439000300
4439000350
4439000850
4439000900
4439000980
4439001010
4439002050
4439002500
4439002550
4439012500
4439015110
4439015150
4439016000
4439032000
4439040008
4439040620
4439040850
4439040860
4439041000
4439042100
4439042510
4439080000
4439080201
4439090550
4439090656
4439091060
4439092000
4439092100
4439092150
4445002660
4445005400
4445006000
4445006410
4445008400
4445008700
4445011000
4445013250
4445013350
4445013360
4445013370
4445013750
4445013760
4445013800
4445014200
4445014600
4445014610
4445014700
4445014715
4445014740
4445014950
4445015520
4445017010
4445017050
4445018050
4445023100
4445024000
4445024580
4445025210
4445027000
4445040020
4445040200
4445049130
4445050020
4445051000
4445092000
4445092010
4445092030
4445092450
4445092610
4445092620
4445095050
4445095270
4445096500
4445097250
4449001000
4451000900
4451004000
4451004660
4451006200
4451006600
4456001220
4456001905
4456001910
4456002200
4456020050
4456022000
4456025000
4456050000
4456050060
4456067250
4456067300
4456070000
4456080000
4456085500
4456087100
4456087350
4459000800
4460000400
4460000500
4460000600
4460050000
4460071000
4462001200
4462002250
4470001400
4471000400
4471001800
4471002210
4471002600
4471002800
4471003200
4471003800
4471004400
4471004600
4471005210
4471005400
4471007000
4473000610
4475000400
4477000000
4479006460
4479007200
4479008000
4479008400
4479009400
4479010800
4479011300
4479011310
4479011600
4479011800
4479012000
4479012600
4479012800
4479013400
4479013800
4479014600
4479014800
4479015000
4479016000
4479016800
4479017000
4479017200
4479017400
4479018000
4479018400
4479030510
4479040000
4479050100
4479050920
4479050930
4479060000
4481001400
4483001000
4485000000
4486000050
4486000055
4489000600
4490001200
4490002000
4491000000
4491000600
4491001400
4491003000
4491005060
4491006050
4491050100
4491050110
4491051110
4491052100
4491055010
4492000200
4492000800
4493004000
4493006000
4493010000
4493010010
4493010020
4493010030
4493010050
4493010060
4496050000
4497080000
4497091010
4497091500
4497094020
4497094070
4497098130
4498000005
4498000008
4499030500
4500000000
4500000630
4501000260
4501000500
4503000500
4503000800
4503000900
4503001000
4503001200
4503001600
4503001700
4503002200
4503002700
4503030100
4503031000
4503035030
4503035060
4503036050
4503036060
4503037000
4503037010
4503037050
4503037200
4503040565
4503047000
4503070020
4503072000
4503075000
4503075500
4503075560
4503090020
4503090030
4503090040
4503090070
4503091000
4503091500
4503094200
4503094210
4503095005
4503097530
4503097550
4503097570
4503097600
4503097690
4503097700
4503098000
4503099400
4504000200
4511001000
4511001200
4511001400
4511002200
4511002400
4511003400
4511003600
4511005200
4511005210
4511007000
4511020000
4511050000
4511050500
4511050505
4511050510
4511060000
4511070500
4511071000
4511099900
4511500200
4511500350
4511510250
4511525000
4511550010
4511550300
4514001800
5000000025
5000000145
5000000160
5000000175
5000000285
5000000295
5000000300
5000000395
5000000430
5000000485
5000000525
5000000615
5000000780
5000000790
5000000825
5000000875
5000000905
5000000950
5000000975
5000001020
5000001050
5000001070
5000001085
5000001125
5000001135
5000001155
5000001195
5000001200
5000001205
5000001215
5000001280
5000001325
5000001335
5000001425
5000001455
5000001465
5000001485
5000001495
5000001515
5000001550
5000001555
5000001560
5000001575
5000001580
5000001620
5000001640
5000001670
5000001685
5000001690
5000001705
5000001740
5000001750
5000001785
5000001790
5000001820
5000001830
5000001840
5000002055
5000002090
5000002150
5000002200
5000002265
5000002280
5000002330
5000002410
5000002475
5000002530
5000002535
5000002545
5000002590
5000002640
5000002645
5000002665
5000002670
5000002685
5000002730
5000002755
5000002830
5000002885
5000002915
5000002920
5000002930
5000002985
5000003010
5000003015
5000003070
5000003075
5000003115
5000003135
5000003145
5000003165
5000003195
5000003225
5000003290
5000003320
5000003350
5000003355
5000003385
5000003390
5000003415
5000003430
5000003530
5000003550
5000003605
5000003635
5000003645
5000003755
5000003930
5000003935
5000003950
5000004025
5000004040
5000004075
5000004145
5000004190
5000004330
5000004360
5000004370
5000004385
5000004410
5000004425
5000004450
5000004455
5000004520
5000004540
5000004605
5000004635
5000004715
5000004770
5000004900
5000004940
5000005050
5000005145
5000005215
5000005250
5000005260
5000005275
5000005280
5000005350
5000005355
5000005370
5000005375
5000005425
5000005450
5000005575
5000005625
5000005635
5000005675
5000005680
5000005695
5000005735
5000005740
5000005760
5000005785
5000005835
5000005915
5000005930
5000005935
5000005985
5000006025
5000006065
5000006190
5000006255
5000006270
5000006295
5000006305
5000006370
5000006375
5000006380
5000006450
5000006470
5000006495
5000006560
5000006580
5000006605
5000006660
5000006700
5000006705
5000006720
5000006725
5000006735
5000006760
5000006860
5000006865
5000006900
5000006985
5000007005
5000007010
5000007040
5000007075
5000007120
5000007130
5000007135
5000007145
5000007220
5000007260
5000007295
5000007305
5000007310
5000007370
5000007410
5000007440
5000007500
5000007535
5000007545
5000007680
5000007690
5000007750
5000007765
5000007815
5000007820
5000007875
5000007910
5000007930
5000007935
5000007955
5000007960
5000008020
5000008025
5000008060
5000008070
5000008080
5000008115
5000008150
5000008155
5000008165
5000008280
5000008340
5000008345
5000008380
5000008390
5000008415
5000008445
5000008530
5000008590
5000008605
5000008645
5000008655
5000008730
5000008760
5000008790
5000008800
5000008805
5000008870
5000008895
5000008900
5000009005
5000009010
5000009025
5000009055
5000009080
5000009095
5000009100
5000009150
5000009200
5000009230
5000009260
5000009295
5000009300
5000009315
5000009370
5000009375
5000009390
5000009415
5000009550
5000009650
5000009660
5000009705
5000009735
5000009770
5000009810
5000009845
5000009855
5000009870
5000009880
5000009920
5000009925
5000009975
5000010015
5000010025
5000010155
5000010210
5000010220
5000010285
5000010345
5000010370
5000010475
5000010515
5000010570
5000010655
5000010745
5000010780
5000010840
5000010845
5000010930
5000010950
5000011065
5000011100
5000011180
5000011215
5000011275
5000011370
5000011375
5000011415
5000011425
5000011445
5000011510
5000011645
5000011655
5000011700
5000011725
5000011815
5000011890
5000011905
5000011995
5000012005
5000012050
5000012105
5000012135
5000012140
5000012220
5000012250
5000012285
5000012385
5000012495
5000012605
5000012635
5000012705
5000012785
5000012935
5000012975
5000012980
5000012990
5000013020
5000013115
5000013140
5000013145
5000013200
5000013205
5000013235
5000013320
5000013365
5000013450
5000013480
5000013500
5000013560
5000013565
5000013635
5000013650
5000013690
5000013745
5000013810
5000013830
5000013850
5000013875
5000013890
5000013945
5000013955
5000014015
5000014145
5000014155
5000014215
5000014230
5000014255
5000014260
5000014270
5000014365
5000014445
5000014450
5000014460
5000014475
5000014585
5000014590
5000014615
5000014625
5000014730
5000014750
5000014790
5000014795
5000014860
5000015020
5000015245
5000015270
5000015330
5000015395
5000015440
5000015455
5000015465
5000015545
5000015565
5000015675
5000015680
5000015775
5000015940
5000015985
5000016050
5000016090
5000016250
5000016295
5000016370
5000016500
5000016565
5000016635
5000016655
5000016665
5000016690
5000016700
5000016740
5000016765
5000016770
5000016790
5000016860
5000016890
5000016905
5000017000
5000017005
5000017025
5000017105
5000017125
5000017130
5000017145
5000017165
5000017170
5000017195
5000017205
5000017225
5000017230
5000017245
5000017265
5000017305
5000017335
5000017355
5000017385
5000017395
5000017405
5000017430
5000017580
5000017675
5000017685
5000017690
5000017715
5000017720
5000017800
5000017855
5000017860
5000017910
5000017930
5000017965
5000018165
5000018235
5000018350
5000018370
5000018380
5000018405
5000018410
5000018415
5000018440
5000018445
5000018455
5000018490
5000018545
5000018555
5000018570
5000018740
5000018760
5000018780
5000018790
5000018810
5000018835
5000018845
5000018850
5000018875
5000018920
5000018935
5000019030
5000019105
5000019125
5000019150
5000019160
5000019205
5000019270
5000019280
5000019320
5000019330
5000019370
5000019425
5000019515
5000019535
5000019565
5000019685
5000019710
5000019875
5000019940
5000019985
5000020125
5000020225
5000020315
5000020335
5000020390
5000020400
5000020410
5000020460
5000020510
5000020560
5000020610
5000020615
5000020700
5000020765
5000020780
5000020785
5000020870
5000020905
5000020925
5000021035
5000021050
5000021075
5000021080
5000021105
5000021125
5000021225
5000021245
5000021310
5000021315
5000021330
5000021355
5000021390
5000021440
5000021505
5000021570
5000021640
5000021645
5000021655
5000021685
5000021715
5000021735
5000021770
5000021775
5000021790
5000021830
5000021840
5000021845
5000021915
5000021930
5000021940
5000021955
5000021965
5000022005
5000022065
5000022135
5000022205
5000022230
5000022275
5000022295
5000022320
5000022420
5000022430
5000022450
5000022490
5000022520
5000022530
5000022555
5000022560
5000022580
5000022715
5000022775
5000022780
5000022790
5000022800
5000022810
5000022820
5000022830
5000022865
5000022930
5000022960
5000022985
5000023000
5000023165
5000023260
5000023285
5000023300
5000023370
5000023380
5000023395
5000023400
5000023445
5000023515
5000023530
5000023555
5000023575
5000023625
5000023670
5000023720
5000023735
5000023775
5000023810
5000023815
5000023820
5000023845
5000023855
5000023895
5000023970
5000024015
5000024020
5000024035
5000024050
5000024070
5000024145
5000024300
5000024350
5000024370
5000024375
5000024380
5000024435
5000024485
5000024565
5000024595
5000024615
5000024625
5000024695
5000024700
5000024755
5000024775
5000024790
5000024820
5000024890
5000024950
5000024955
5000024990
5000025005
5000025085
5000025090
5000025095
5000025145
5000025160
5000025165
5000025190
5000025195
5000025210
5000025225
5000025230
5000025250
5000025270
5000025320
5000025330
5000025365
5000025450
5000025465
5000025530
5000025535
5000025565
5000025625
5000025755
5000025805
5000025840
5000025918
5000025955
5000026030
5000026035
5000026070
5000026085
5000026185
5000026205
5000026220
5000026235
5000026310
5000026320
5000026330
5000026355
5000026460
5000026565
5000026650
5000026755
5000026880
5000026970
5000027005
5000027105
5000027130
5000027145
5000027210
5000027250
5000027260
5000027320
5000027325
5000027355
5000027490
5000027505
5000027620
5000027655
5000027665
5000027685
5000027795
5000027815
5000027820
5000027845
5000027940
5000027975
5000028060
5000028080
5000028170
5000028175
5000028265
5000028320
5000028385
5000028410
5000028500
5000028525
5000028585
5000028595
5000028610
5000028660
5000028690
5000028705
5000028725
5000028730
5000028820
5000028850
5000028885
5000028995
5000029070
5000029100
5000029225
5000029230
5000029245
5000029285
5000029310
5000029375
5000029430
5000029445
5000029450
5000029480
5000029650
5000029670
5000029675
5000029680
5000029695
5000029880
5000029895
5000029930
5000029935
5000029960
5000029990
5000030215
5000030285
5000030335
5000030340
5000030350
5000030365
5000030440
5000030445
5000030595
5000030610
5000030620
5000030630
5000030655
5000030670
5000030735
5000030750
5000030780
5000030935
5000030965
5000030970
5000030975
5000030985
5000031025
5000031050
5000031090
5000031130
5000031140
5000031150
5000031175
5000031190
5000031265
5000031285
5000031305
5000031345
5000031405
5000031545
5000031575
5000031585
5000031650
5000031705
5000031770
5000031790
5000031825
5000031830
5000031835
5000031880
5000031905
5000031910
5000031955
5000031970
5000031990
5000031995
5000032015
5000032050
5000032085
5000032090
5000032100
5000032125
5000032130
5000032180
5000032210
5000032250
5000032275
5000032390
5000032395
5000032420
5000032445
5000032495
5000032510
5000032560
5000032600
5000032605
5000032620
5000032645
5000032650
5000032670
5000032705
5000032745
5000032770
5000032830
5000032855
5000032860
5000032875
5000032975
5000033070
5000033115
5000033300
5000033310
5000033315
5000033320
5000033365
5000033370
5000033385
5000033420
5000033425
5000033440
5000033445
5000033450
5000033495
5000033525
5000033530
5000033600
5000033655
5000033660
5000033665
5000033755
5000033760
5000033820
5000033855
5000033885
5000033890
5000033925
5000033930
5000033970
5000033980
5000033985
5000034155
5000034175
5000034205
5000034230
5000034255
5000034260
5000034280
5000034285
5000034300
5000034350
5000034375
5000034430
5000034435
5000034445
5000034525
5000034535
5000034570
5000034605
5000034635
5000034645
5000034660
5000034680
5000034695
5000034730
5000034770
5000034775
5000034795
5000034800
5000034850
5000034870
5000034875
5000034885
5000034890
5000034920
5000034945
5000034950
5000034970
5000034975
5000035000
5000035050
5000035105
5000035120
5000035195
5000035210
5000035215
5000035225
5000035240
5000035245
5000035250
5000035280
5000035305
5000035335
5000035385
5000035390
5000035420
5000035455
5000035460
5000035500
5000035510
5000035535
5000035575
5000035580
5000035610
5000035620
5000035625
5000035675
5000035765
5000035855
5000035870
5000035895
5000035900
5000035920
5000035950
5000035955
5000036000
5000036005
5000036030
5000036045
5000036090
5000036115
5000036140
5000036160
5000036220
5000036285
5000036310
5000036340
5000036350
5000036355
5000036405
5000036425
5000036470
5000036485
5000036490
5000036580
5000036615
5000036670
5000036700
5000036760
5000036765
5000036770
5000036790
5000036800
5000036810
5000036815
5000036830
5000036885
5000036890
5000036900
5000036905
5000036915
5000036940
5000036955
5000037025
5000037035
5000037055
5000037075
5000037095
5000037170
5000037210
5000037240
5000037250
5000037275
5000037285
5000037295
5000037320
5000037345
5000037355
5000037365
5000037450
5000037475
5000037505
5000037540
5000037565
5000037575
5000037600
5000037640
5000037665
5000037675
5000037685
5000037720
5000037730
5000037745
5000037780
5000037850
5000037890
5000037895
5000037905
5000037910
5000037920
5000037925
5000037930
5000037955
5000037990
5000038015
5000038040
5000038055
5000038080
5000038090
5000038095
5000038100
5000038105
5000038145
5000038150
5000038215
5000038220
5000038260
5000038285
5000038300
5000038315
5000038350
5000038360
5000038495
5000038505
5000038515
5000038540
5000038590
5000038595
5000038625
5000038640
5000038670
5000038730
5000038760
5000038790
5000038795
5000038815
5000038830
5000038930
5000038950
5000038975
5000039005
5000039055
5000039095
5000039110
5000039270
5000039290
5000039385
5000039395
5000039400
5000039405
5000039410
5000039435
5000039445
5000039500
5000039530
5000039540
5000039555
5000039565
5000039670
5000039675
5000039690
5000039785
5000039815
5000039825
5000039830
5000039845
5000039870
5000039880
5000039895
5000039910
5000039935
5000039960
5000039980
5000040015
5000040035
5000040125
5000040185
5000040225
5000040335
5000040375
5000040415
5000040665
5000040695
5000040740
5000040745
5000040925
5000040935
5000040945
5000040965
5000041010
5000041030
5000041060
5000041120
5000041205
5000041215
5000041230
5000041245
5000041280
5000041285
5000041355
5000041385
5000041420
5000041460
5000041465
5000041575
5000041600
5000041695
5000041795
5000041835
5000041845
5000041895
5000041970
5000042040
5000042060
5000042160
5000042170
5000042215
5000042260
5000042285
5000042340
5000042355
5000042475
5000042510
5000042530
5000042555
5000042560
5000042575
5000042650
5000042675
5000042795
5000042825
5000042900
5000042935
5000042940
5000042945
5000042970
5000042985
5000042990
5000042995
5000043040
5000043055
5000043090
5000043120
5000043130
5000043135
5000043145
5000043150
5000043155
5000043175
5000043185
5000043215
5000043315
5000043320
5000043340
5000043375
5000043390
5000043420
5000043425
5000043430
5000043435
5000043445
5000043450
5000043490
5000043510
5000043550
5000043560
5000043605
5000043620
5000043635
5000043670
5000043715
5000043780
5000043790
5000043825
5000043840
5000043850
5000043865
5000043905
5000043915
5000043955
5000043960
5000043965
5000043975
5000044005
5000044035
5000044040
5000044060
5000044065
5000044075
5000044155
5000044175
5000044180
5000044190
5000044200
5000044245
5000044250
5000044265
5000044275
5000044280
5000044285
5000044295
5000044315
5000044335
5000044350
5000044365
5000044390
5000044400
5000044435
5000044445
5000044585
5000044590
5000044610
5000044765
5000044800
5000044810
5000044825
5000044855
5000044920
5000044935
5000044995
5000045060
5000045065
5000045115
5000045125
5000045155
5000045165
5000045285
5000045395
5000045430
5000045440
5000045455
5000045485
5000045490
5000045495
5000045520
5000045555
5000045570
5000045590
5000045595
5000045610
5000045620
5000045635
5000045640
5000045685
5000045690
5000045725
5000045730
5000045740
5000045745
5000045750
5000045780
5000045810
5000045830
5000045840
5000045925
5000045970
5000045980
5000045995
5000046010
5000046015
5000046045
5000046075
5000046100
5000046110
5000046135
5000046190
5000046205
5000046210
5000046220
5000046240
5000046250
5000046260
5000046270
5000046300
5000046330
5000046420
5000046480
5000046485
5000046510
5000046525
5000046535
5000046545
5000046550
5000046570
5000046595
5000046650
5000046655
5000046680
5000046715
5000046740
5000046810
5000046820
5000046870
5000046905
5000046920
5000046955
5000046980
5000047035
5000047040
5000047065
5000047075
5000047135
5000047140
5000047150
5000047155
5000047195
5000047210
5000047235
5000047245
5000047260
5000047265
5000047285
5000047290
5000047295
5000047300
5000047305
5000047330
5000047335
5000047355
5000047365
5000047380
5000047420
5000047425
5000047500
5000047505
5000047525
5000047535
5000047560
5000047575
5000047605
5000047635
5000047645
5000047675
5000047690
5000047705
5000047735
5000047750
5000047755
5000047760
5000047765
5000047790
5000047810
5000047825
5000047835
5000047855
5000047865
5000047870
5000047905
5000047910
5000047925
5000047940
5000047950
5000047965
5000047990
5000048035
5000048065
5000048075
5000048090
5000048115
5000048120
5000048140
5000048160
5000048190
5000048195
5000048200
5000048215
5000048220
5000048245
5000048255
5000048295
5000048300
5000048340
5000048345
5000048370
5000048380
5000048385
5000048395
5000048400
5000048415
5000048430
5000048435
5000048440
5000048520
5000048525
5000048575
5000048610
5000048615
5000048650
5000048655
5000048660
5000048675
5000048700
5000048710
5000048720
5000048745
5000048815
5000048845
5000048850
5000048875
5000048885
5000048940
5000048985
5000049010
5000049015
5000049055
5000049060
5000049070
5000049075
5000049095
5000049100
5000049130
5000049165
5000049170
5000049175
5000049190
5000049210
5000049235
5000049245
5000049300
5000049320
5000049325
5000049335
5000049345
5000049380
5000049410
5000049435
5000049445
5000049450
5000049470
5000049530
5000049535
5000049550
5000049600
5000049630
5000049655
5000049675
5000049685
5000049700
5000049705
5000049730
5000049740
5000049745
5000049750
5000049780
5000049835
5000049845
5000049850
5000049860
5000049870
5000049895
5000049900
5000049905
5000049920
5000049960
5000049975
5000049995
5000050000
5000050055
5000050145
5000050155
5000050165
5000050215
5000050225
5000050265
5000050325
5000050375
5000050380
5000050390
5000050405
5000050430
5000050465
5000050475
5000050510
5000050520
5000050540
5000050575
5000050580
5000050605
5000050615
5000050680
5000050780
5000050785
5000050800
5000050810
5000050840
5000050860
5000050865
5000050870
5000050880
5000050895
5000050900
5000050905
5000050925
5000050930
5000050960
5000050990
5000051000
5000051005
5000051050
5000051075
5000051090
5000051105
5000051170
5000051200
5000051205
5000051245
5000051250
5000051265
5000051300
5000051305
5000051310
5000051375
5000051380
5000051385
5000051405
5000051435
5000051440
5000051455
5000051470
5000051520
5000051560
5000051575
5000051645
5000051655
5000051660
5000051710
5000051805
5000051830
5000051850
5000051860
5000051875
5000051880
5000051890
5000051900
5000051920
5000051925
5000051935
5000051940
5000051945
5000051950
5000051960
5000051965
5000051970
5000051975
5000051980
5000051985
5000051990
5000051995
5000052005
5000052010
5000052015
5000052020
5000052025
5000052030
5000052035
5000052040
5000052045
5000052050
5000052055
5000052060
5000052075
5000052085
5000052100
5000052105
5000052110
5000052120
5000052130
5000052135
5000052230
5000052250
5000052265
5000052270
5000052275
5000052290
5000052315
5000052345
5000052365
5000052420
5000052435
5000052485
5000052495
5000052535
5000052570
5000052575
5000052725
5000052730
5000052735
5000052740
5000052745
5000052750
5000052755
5000052765
5000052770
5000052775
5000052780
5000052790
5000052795
5000052805
5000052815
5000052820
5000052825
5000052830
5000052835
5000052840
5000052845
5000052855
5000052860
5000052865
5000052875
5000052885
5000052895
5000052905
5000052925
5000052930
5000052935
5000052940
5000052955
5000052965
5000052970
5000052985
5000052990
5000052995
5000053005
5000053150
5000053155
5000053305
5000053315
5000053320
5000053325
5000053330
5000053335
5000053345
5000053350
5000053365
5000053370
5000053435
5000053440
5000053485
5000053550
5000053565
5000053570
5000053585
5000053710
5000053720
5000053755
5000053770
5000053790
5000053805
5000053825
5000053830
5000054045
5000054115
5000054180
5000054320
5000054355
5000054365
5000054375
5000054445
5000054465
5000054475
5000054480
5000054485
5000054490
5000054495
5000054505
5000054510
5000054515
5000054520
5000054525
5000054530
5000054535
5000054540
5000054545
5000054550
5000054555
5000054560
5000054565
5000054575
5000054580
5000054590
5000054600
5000054605
5000054610
5000054615
5000054620
5000054625
5000054630
5000054635
5000054640
5000054645
5000054650
5000054655
5000054660
5000054665
5000054670
5000054675
5000054705
5000054730
5000054815
5000054825
5000054870
5000054880
5000054915
5000054930
5000054945
5000054950
5000054965
5000054990
5000055005
5000055045
5000055065
5000055090
5000055105
5000055110
5000055120
5000055135
5000055170
5000055200
5000055205
5000055210
5000055215
5000055220
5000055230
5000055240
5000055250
5000055255
5000055265
5000055295
5000055315
5000055325
5000055390
5000055395
5000055405
5000055420
5000055445
5000055465
5000055535
5000055540
5000055550
5000055555
5000055565
5000055570
5000055575
5000055585
5000055590
5000055595
5000055615
5000055625
5000055630
5000055640
5000055660
5000055665
5000055680
5000055685
5000055690
5000055700
5000055715
5000055800
5000055805
5000055825
5000055835
5000055845
5000055850
5000055855
5000055880
5000055890
5000055950
5000056015
5000056020
5000056025
5000056030
5000056035
5000056040
5000056130
5000056145
5000056150
5000056165
5000056170
5000056195
5000056215
5000056220
5000056245
5000056255
5000056275
5000056295
5000056315
5000056380
5000056400
5000056465
5000056475
5000056510
5000056515
5000056520
5000056525
5000056530
5000056535
5000056540
5000056550
5000056565
5000056570
5000056575
5000056580
5000056585
5000056590
5000056595
5000056600
5000056610
5000056615
5000056620
5000056625
5000056650
5000056655
5000056660
5000056730
5000056735
5000056745
5000056755
5000056975
5000056980
5000057005
5000057030
5000057100
5000057105
5000057115
5000057125
5000057135
5000057145
5000057150
5000057155
5000057160
5000057495
5000057515
5000057565
5000057570
5000057575
5000057580
5000057585
5000057590
5000057595
5000057600
5000057605
5000057610
5000057615
5000057620
5000057625
5000057655
5000057660
5000057675
5000057680
5000057700
5000057705
5000057710
5000057720
5000057750
5000057755
5000057775
5000057850
5000057855
5000057865
5000057875
5000057890
5000057930
5000057955
5000057975
5000057990
5000058085
5000058120
5000058160
5000058170
5000058215
5000058225
5000058295
5000058305
5000058360
5000058375
5000058380
5000058395
5000058405
5000058415
5000058440
5000058465
5000058500
5000058510
5000058515
5000058520
5000058575
5000058605
5000058640
5000058650
5000058655
5000058660
5000058665
5000058670
5000058675
5000058700
5000058725
5000058745
5000058755
5000058760
5000058765
5000058775
5000058800
5000058815
5000058820
5000058830
5000058840
5000058860
5000058875
5000058880
5000058885
5000058890
5000058910
5000058915
5000058925
5000058970
5000059010
5000059015
5000059020
5000059025
5000059035
5000059040
5000059045
5000059050
5000059055
5000059060
5000059065
5000059070
5000059075
5000059080
5000059085
5000059090
5000059100
5000059105
5000059110
5000059115
5000059120
5000059125
5000059130
5000059135
5000059140
5000059145
5000059150
5000059155
5000059160
5000059170
5000059175
5000059180
5000059185
5000059190
5000059195
5000059205
5000059210
5000059215
5000059220
5000059225
5000059230
5000059235
5000059240
5000059245
5000059250
5000059325
5000059350
5000059440
5000059445
5000059520
5000059585
5000059670
5000059690
5000059825
5000059845
5000059860
5000059880
5000059890
5000060000
5000060015
5000060025
5000060065
5000060115
5000060140
5000060145
5000060155
5000060165
5000060200
5000060300
5000060335
5000060340
5000060345
5000060350
5000060355
5000060360
5000060365
5000060370
5000060395
5000060400
5000060405
5000060410
5000060415
5000060420
5000060430
5000060435
5000060440
5000060490
5000060495
5000060555
5000060585
5000060590
5000060600
5000060630
5000060645
5000060700
5000060705
5000060720
5000060750
5000061000
5000061110
5000061130
5000061135
5000061140
5000061220
5000061225
5000061460
5000061515
5000061550
5000061590
5000061595
5000061605
5000061610
5000061615
5000061620
5000061640
5000061645
5000061650
5000061675
5000061750
5000062060
5000062070
5000062310
5000062325
5000062365
5000062395
5000062435
5000062440
5000062445
5000062455
5000062465
5000062500
5000062530
5000062690
5000062755
5000062870
5000062935
5000063010
5000063235
5000063295
5000063310
5000063380
5000063460
5000063770
5000063775
5000063780
5000063790
5000063795
5000063800
5000063805
5000063815
5000063820
5000063825
5000063855
5000063870
5000063935
5000063945
5000064015
5000064020
5000064025
5000064030
5000064035
5000064040
5000064045
5000064050
5000064055
5000064060
5000064065
5000064070
5000064075
5000064080
5000064085
5000064090
5000064095
5000064100
5000064105
5000064110
5000064115
5000064120
5000064125
5000064130
5000064135
5000064140
5000064145
5000064150
5000064155
5000064160
5000064165
5000064170
5000064175
5000064180
5000064185
5000064190
5000064195
5000064200
5000064205
5000064210
5000064215
5000064225
5000064230
5000064240
5000064255
5000064260
5000064270
5000064280
5000064285
5000064295
5000064300
5000064310
5000064315
5000064325
5000064345
5000064350
5000064355
5000064360
5000064365
5000064370
5000064385
5000064450
5000064455
5000064475
5000064480
5000064490
5000064500
5000064510
5000064515
5000064520
5000064530
5000064535
5000064540
5000064555
5000064570
5000064580
5000064585
5000064590
5000064595
5000064600
5000064610
5000064615
5000064620
5000064625
5000064630
5000064640
5000064650
5000064655
5000064670
5000064675
5000064685
5000064690
5000064700
5000064705
5000064715
5000064735
5000064740
5000064745
5000064750
5000064755
5000064760
5000064765
5000064770
5000064775
5000064780
5000064850
5000064855
5000064880
5000064895
5000064900
5000064905
5000064910
5000064930
5000064935
5000064940
5000064950
5000065000
5000065050
5000065180
5000065190
5000065290
5000065305
5000065330
5000065360
5000065415
5000065435
5000065440
5000065445
5000065460
5000065595
5000065685
5000065695
5000065705
5000065715
5000065720
5000065725
5000065735
5000065760
5000065795
5000065815
5000065835
5000065860
5000065895
5000065985
5000065990
5000065995
5000066215
5000066220
5000066225
5000066235
5000066240
5000066245
5000066260
5000066345
5000066385
5000066390
5000066400
5000066435
5000066440
5000066525
5000066555
5000066575
5000066600
5000066610
5000066620
5000066625
5000066705
5000066715
5000066735
5000066770
5000066790
5000066795
5000066800
5000066805
5000066810
5000066815
5000066855
5000066865
5000066885
5000066915
5000066925
5000067000
5000067050
5000067160
5000067250
5000067255
5000067265
5000067280
5000067300
5000067310
5000067315
5000067320
5000067325
5000067355
5000067365
5000067390
5000067410
5000067435
5000067440
5000067470
5000067500
5000067505
5000067520
5000067525
5000067545
5000067580
5000067595
5000067825
5000067845
5000067865
5000067875
5000067910
5000067920
5000067960
5000067990
5000068000
5000068025
5000068035
5000068070
5000068075
5000068145
5000068150
5000068200
5000068245
5000068265
5000068310
5000068315
5000068360
5000068425
5000068435
5000068485
5000068500
5000068505
5000068510
5000068515
5000068520
5000068525
5000068530
5000068535
5000068540
5000068545
5000068595
5000068600
5000068605
5000068610
5000068615
5000068620
5000068625
5000068630
5000068635
5000068700
5000068750
5000068775
5000068790
5000068825
5000068830
5000068835
5000068880
5000068905
5000068915
5000068920
5000068950
5000068975
5000068990
5000069005
5000069010
5000069030
5000069065
5000069070
5000069080
5000069120
5000069150
5000069160
5000069165
5000069170
5000069215
5000069220
5000069225
5000069230
5000069235
5000069240
5000069245
5000069310
5000069345
5000069355
5000069370
5000069375
5000069380
5000069470
5000069480
5000069510
5000069515
5000069530
5000069535
5000069545
5000069585
5000069600
5000069610
5000069650
5000069665
5000069730
5000069835
5000069850
5000069855
5000069895
5000069900
5000069920
5000069930
5000069950
5000069960
5000069970
5000070005
5000070175
5000070225
5000070235
5000070265
5000070300
5000070310
5000070385
5000070460
5000070520
5000070635
5000070640
5000070655
5000070665
5000070670
5000070685
5000070695
5000070720
5000070730
5000070735
5000070745
5000070835
5000070860
5000070875
5000070915
5000070940
5000070950
5000071025
5000071035
5000071045
5000071055
5000071060
5000071100
5000071120
5000071155
5000071215
5000071250
5000071275
5000071285
5000071295
5000071300
5000071305
5000071310
5000071360
5000071405
5000071440
5000071450
5000071455
5000071470
5000071505
5000071510
5000071515
5000071530
5000071550
5000071560
5000071575
5000071580
5000071585
5000071590
5000071600
5000071640
5000071655
5000071675
5000071680
5000071690
5000071715
5000071720
5000071750
5000071775
5000071835
5000071870
5000071905
5000071960
5000072015
5000072020
5000072025
5000072030
5000072035
5000072060
5000072065
5000072080
5000072105
5000072115
5000072155
5000072220
5000072305
5000072330
5000072360
5000072370
5000072380
5000072385
5000072390
5000072405
5000072440
5000072480
5000072490
5000072500
5000072510
5000072515
5000072525
5000072540
5000072545
5000072575
5000072600
5000072630
5000072685
5000072720
5000072730
5000072745
5000072775
5000072800
5000072825
5000072840
5000072845
5000072860
5000072935
5000072945
5000072950
5000072985
5000073020
5000073040
5000073045
5000073060
5000073065
5000073180
5000073230
5000073250
5000073275
5000073335
5000073340
5000073375
5000073425
5000073450
5000073475
5000073490
5000073510
5000073555
5000073560
5000073645
5000073655
5000073670
5000073680
5000073690
5000073710
5000073715
5000073725
5000073760
5000073765
5000073770
5000073780
5000073800
5000073810
5000073820
5000073825
5000073870
5000073915
5000073925
5000073945
5000073980
5000074005
5000074045
5000074065
5000074120
5000074145
5000074150
5000074155
5000074160
5000074165
5000074170
5000074180
5000074185
5000074190
5000074230
5000074240
5000074245
5000074255
5000074265
5000074280
5000074285
5000074310
5000074445
5000074470
5000074490
5000074495
5000074500
5000074505
5000074510
5000074515
5000074520
5000074540
5000074550
5000074555
5000074570
5000074590
5000074595
5000075075
5000075085
5000075100
5000075125
5000075135
5000075165
5000075180
5000075185
5000075200
5000075205
5000075210
5000075230
5000075280
5000075310
5000075335
5000075375
5000075390
5000075450
5000075470
5000075475
5000075495
5000075500
5000075535
5000075550
5000075575
5000075595
5000075615
5000075620
5000075640
5000075645
5000075650
5000075675
5000075745
5000075750
5000075770
5000075775
5000075845
5000075865
5000075965
5000076005
5000076015
5000076030
5000076035
5000076050
5000076110
5000076150
5000076175
5000076185
5000076190
5000076205
5000076235
5000076290
5000076320
5000076330
5000076340
5000076355
5000076360
5000076365
5000076375
5000076380
5000076425
5000076440
5000076575
5000076605
5000076645
5000076650
5000076655
5000076660
5000076670
5000076680
5000076695
5000076710
5000076725
5000076730
5000076855
5000076980
5000076995
5000077000
5000077040
5000077050
5000077065
5000077095
5000077110
5000077125
5000077130
5000077140
5000077150
5000077155
5000077165
5000077175
5000077190
5000077230
5000077245
5000077280
5000077285
5000077310
5000077330
5000077345
5000077350
5000077370
5000077465
5000077475
5000077540
5000077550
5000077590
5000077630
5000077680
5000077685
5000077720
5000077725
5000077730
5000077750
5000077755
5000077770
5000077775
5000077785
5000077810
5000077815
5000077825
5000077835
5000077840
5000077845
5000077880
5000077890
5000077900
5000077910
5000077955
5000077995
5000078000
5000078005
5000078035
5000078085
5000078145
5000078265
5000078275
5000078280
5000078295
5000078300
5000078335
5000078340
5000078345
5000078375
5000078380
5000078470
5000078505
5000078590
5000078595
5000078615
5000078620
5000078630
5000078640
5000078710
5000078835
5000078845
5000078850
5000078900
5000078920
5000079045
5000079065
5000079095
5000079120
5000079155
5000079160
5000079165
5000079170
5000079175
5000079180
5000079190
5000079285
5000079300
5000079330
5000079390
5000079410
5000079420
5000079425
5000079445
5000079455
5000079605
5000079610
5000079710
5000079800
5000079840
5000079905
5000079955
5000080140
5000080145
5000080305
5000080355
5000080385
5000080415
5000080430
5000080435
5000080450
5000080455
5000080465
5000080470
5000080480
5000080515
5000080525
5000080530
5000080535
5000080540
5000080565
5000080580
5000080585
5000080605
5000080630
5000080635
5000080640
5000080655
5000080660
5000080685
5000080700
5000080720
5000080745
5000080750
5000080755
5000080765
5000080770
5000080775
5000080785
5000080800
5000080810
5000080815
5000080820
5000080855
5000080860
5000080870
5000080925
5000080930
5000080945
5000080950
5000080970
5000080980
5000080995
5000081010
5000081025
5000081035
5000081045
5000081095
5000081100
5000081105
5000081150
5000081185
5000081215
5000081225
5000081245
5000081295
5000081300
5000081365
5000081370
5000081380
5000081460
5000081465
5000081525
5000081530
5000081535
5000081555
5555510003
5555510004
5555510008
5555510014
5555510023
5555510024
5555510027
5555510028
5555510034
5555510035
5555510036
5555510037
5555510048
5555510049
5555510050
5555510052
5555510055
5555510057
5555510058
5555510059
5555510067
5555510071
5555510073
5555510075
5555510082
5555510085
5555510091
5555510096
5555510101
5555510102
5555510112
5555510115
5555510118
5555510122
5555510123
5555510124
5555510125
5555510127
5555510128
5555510129
5555510130
5555510131
5555510132
5555510133
5555510134
5555510137
5555510138
5555510139
5555510141
5555510147
5555510148
5555510149
5555510150
5555510151
5555510154
5555510155
5555510162
5555510163
5555510166
5555510167
5555510170
5555510172
5555510178
5555510185
5555510188
5555510189
5555510191
5555510194
5555510199
5555510202
5555510203
5555510209
5555510210
5555510211
5555510216
5555510224
5555510227
5555510228
5555510229
5555510231
5555510232
5555510235
5555510238
5555510239
5555510247
5555510262
5555510263
5555510268
5555510272
5555510273
5555510276
5555510279
5555510281
5555510283
5555510284
5555510286
5555510287
5555510289
5555510290
5555510293
5555510295
5555510297
5555510304
5555510305
5555510307
5555510310
5555510311
5555510313
5555510314
5555510333
5555510335
5555510337
5555510338
5555510339
5555510341
5555510343
5555510344
5555510346
5555510347
5555510350
5555510358
5555510360
5555510362
5555510363
5555510366
5555510370
5555510375
5555510376
5555510380
5555510385
5555510396
5555510409
5555510410
5555510412
5555510418
5555510433
5555510435
5555510437
5555510440
5555510441
5555510447
5555510452
5555510463
5555510466
5555510471
5555510490
5555510497
5555510503
5555510512
5555510515
5555510516
5555510517
5555510518
5555510519
5555510520
5555510524
5555510526
5555510527
5555510533
5555510536
5555510538
5555510539
5555510540
5555510541
5555510542
5555510552
5555510572
5555510574
5555510577
5555510579
5555510589
5555510590
5555510593
5555510607
5555510609
5555510611
5555510616
5555510621
5555510622
5555510625
5555510626
5555510627
5555510628
5555510629
5555510630
5555510631
5555510633
5555510634
5555510636
5555510638
5555510641
5555510643
5555510644
5555510645
5555510650
5555510655
5555510656
5555510660
5555510661
5555510662
5555510665
5555510686
5555510689
5555510693
5555510694
5555510696
5555510698
5555510700
5555510704
5555510706
5555510710
5555510712
5555510722
5555510723
5555510726
5555510728
5555510729
5555510742
5555510744
5555510746
5555510747
5555510764
5555510766
5555510767
5555510768
5555510777
5555510779
5555510780
5555510782
5555510784
5555510785
5555510790
5555510795
5555510796
5555510797
5555510798
5555510800
5555510801
5555510802
5555510803
5555510804
5555510805
5555510806
5555510807
5555510808
5555510809
5555510810
5555510811
5555510812
5555510813
5555510814
5555510815
5555510816
5555510817
5555510819
5555510820
5555510821
5555510822
5555510823
5555510832
5555510836
5555510843
5555510850
5555510855
5555510862
5555510864
5555510866
5555510868
5555510873
5555510876
5555510877
5555510878
5555510899
5555510905
5555510908
5555510909
5555510910
5555510911
5555510912
5555510914
5555510916
5555510919
5555510920
5555510925
5555510926
5555510927
5555510928
5555510929
5555510930
5555510933
5555510939
5555510941
5555510953
5555510954
5555510955
5555510956
5555510957
5555510958
5555510959
5555510960
5555510961
5555510963
5555510964
5555510965
5555510968
5555510969
5555510970
5555510972
5555510976
5555510977
5555510978
5555510979
5555510981
5555510982
5555510983
5555510985
5555510986
5555510987
5555510988
5555510989
5555510992
5555510993
5555510994
5555510996
5555510998
5555511000
5555511002
5555511003
5555511004
5555511005
5555511006
5555511009
5555511011
5555511013
5555511020
5555511025
5555511030
5555511031
5555511039
5555511043
5555511057
5555511061
5555511062
5555511063
5555511067
5555511068
5555511071
5555511083
5555511087
5555511089
5555511090
5555511091
5555511092
5555511093
5555511094
5555511095
5555511096
5555511097
5555511098
5555511101
5555511102
5555511103
5555511104
5555511106
5555511109
5555511110
5555511111
5555511114
5555511115
5555511117
5555511118
5555511119
5555511121
5555511123
5555511124
5555511125
5555511128
5555511132
5555511133
5555511134
5555511136
5555511138
5555511140
5555511141
5555511145
5555511146
5555511147
5555511148
5555511149
5555511152
5555511154
5555511155
5555511157
5555511159
5555511160
5555511161
5555511162
5555511164
5555511167
5555511168
5555511171
5555511172
5555511173
5555511177
5555511181
5555511185
5555511186
5555511187
5555511188
5555511189
5555511191
5555511194
5555511195
5555511196
5555511197
5555511198
5555511199
5555511200
5555511201
5555511203
5555511204
5555511205
5555511206
5555511207
5555511208
5555511209
5555511210
5555511211
5555511212
5555511213
5555511214
5555511215
5555511216
5555511217
5555511218
5555511219
5555511220
5555511221
5555511222
5555511225
5555511228
5555511230
5555511231
5555511232
5555511233
5555511235
5555511236
5555511238
5555511239
5555511240
5555511241
5555511242
5555511243
5555511245
5555511247
5555511248
5555511250
5555511251
5555511252
5555511254
5555511255
5555511256
5555511257
5555511261
5555511262
5555511263
5555511265
5555511267
5555511269
5555511270
5555511272
5555511276
5555511277
5555511279
5555511295
5555511299
5555511315
5555511317
5555511334
5555511340
5555511343
5555511344
5555511345
5555511352
5555511354
5555511355
5555511358
5555511359
5555511362
5555511363
5555511364
5555511365
5555511366
5555511368
5555511369
5555511370
5555511371
5555511372
5555511374
5555511375
5555511376
5555511377
5555511378
5555511380
5555511381
5555511382
5555511383
5555511384
5555511388
5555511389
5555511391
5555511392
5555511393
5555511394
5555511395
5555511396
5555511397
5555511398
5555511399
5555511401
5555511402
5555511403
5555511404
5555511405
5555511406
5555511408
5555511410
5555511412
5555511416
5555511428
5555511430
5555511461
5555511468
5555511474
5555511476
5555511478
5555511484
5555511509
5555511538
5555511540
5555511543
5555511551
5555511557
5555511564
5555511573
5555511577
5555511580
5555511581
5555511582
5555511584
5555511585
5555511586
5555511587
5555511588
5555511589
5555511590
5555511591
5555511592
5555511594
5555511595
5555511597
5555511602
5555511603
5555511605
5555511606
5555511609
5555511612
5555511613
5555511614
5555511615
5555511617
5555511632
5555511639
5555511642
5555511658
5555511662
5555511666
5555511667
5555511668
5555511669
5555511670
5555511671
5555511672
5555511674
5555511675
5555511678
5555511679
5555511680
5555511681
5555511682
5555511684
5555511686
5555511690
5555511697
5555511699
5555511701
5555511702
5555511703
5555511704
5555511706
5555511707
5555511708
5555511710
5555511711
5555511714
5555511715
5555511716
5555511717
5555511718
5555511719
5555511721
5555511722
5555511723
5555511724
5555511725
5555511726
5555511748
5555511758
5555511759
5555511767
5555511769
5555511776
5555511777
5555511779
5555511781
5555511782
5555511784
5555511785
5555511788
5555511796
5555511797
5555511798
5555511799
5555511800
5555511801
5555511802
5555511816
5555511817
5555511818
5555511821
5555511836
5555511837
5555511839
5555511848
5555511858
5555511859
5555511860
5555511862
5555511866
5555511869
5555511870
5555511872
5555511873
5555511874
5555511875
5555511876
5555511877
5555511878
5555511880
5555511882
5555511885
5555511890
5555511891
5555511892
5555511893
5555511894
5555511896
5555511897
5555511898
5555511901
5555511902
5555511903
5555511904
5555511905
5555511907
5555511908
5555511909
5555511912
5555511914
5555511917
5555511922
5555511926
5555511928
5555511929
5555511930
5555511931
5555511932
5555511933
5555511936
5555511938
5555511940
5555511942
5555511943
5555511945
5555511946
5555511947
5555511949
5555511950
5555511951
5555511952
5555511953
5555511954
5555511955
5555511956
5555511957
5555511961
5555511962
5555511963
5555511964
5555511967
5555511968
5555511969
5555511970
5555511971
5555511973
5555511976
5555511983
5555511984
5555511988
5555511992
5555511993
5555511995
5555511996
5555511997
5555511998
5555511999
5555512000
5555512004
5555512010
5555512011
5555512012
5555512014
5555512018
5555512023
5555512027
5555512028
5555512029
5555512031
5555512032
5555512050
5555512059
5555512060
5555512062
5555512068
5555512075
5555512083
5555512084
5555512085
5555512086
5555512087
5555512118
5555512121
5555512127
5555512128
5555512129
5555512133
5555512139
5555512140
5555512141
5555512142
5555512149
5555512150
5555512151
5555512153
5555512171
5555512172
5555512173
5555512174
5555512175
5555512181
5555512182
5555512183
5555512184
5555512185
5555512186
5555512187
5555512188
5555512189
5555512220
5555512221
5555512222
5555512223
5555512224
5555512225
5555512226
5555512227
5555512228
5555512229
5555512230
5555512231
5555512238
5555512262
5555512269
5555512270
5555512279
5555512285
5555512287
5555512304
5555512305
5555512306
5555512307
5555512308
5555512309
5555512310
5555512311
5555512314
5555512318
5555512319
5555512320
5555512322
5555512324
5555512326
5555512345
5555512350
5555512355
5555512356
5555512359
5555512360
5555512361
5555512363
5555512364
5555512365
5555512366
5555512369
5555512380
5555512383
5555512386
5555512392
5555512396
5555512407
5555512411
5555512414
5555512420
5555512437
5555512438
5555512439
5555512440
5555512443
5555512444
5555512445
5555512446
5555512452
5555512454
5555512460
5555512462
5555512470
5555512488
5555512490
5555512492
5555512494
5555512495
5555512501
5555512504
5555512511
5555512512
5555512518
5555512519
5555512526
5555512530
5555512534
5555512535
5555512537
5555512538
5555512539
5555512540
5555512543
5555512546
5555512547
5555512548
5555512549
5555512550
5555512554
5555512560
5555512565
5555512567
5555512584
5555512586
5555512587
5555512588
5555512612
5555512613
5555512614
5555512615
5555512616
5555512617
5555512618
5555512619
5555512620
5555512628
5555512629
5555512634
5555512635
5555512636
5555512637
5555512639
5555512644
5555512645
5555512646
5555512647
5555512648
5555512649
5555512650
5555512651
5555512652
5555512654
5555512655
5555512656
5555512658
5555512659
5555512663
5555512664
5555512670
5555512677
5555512684
5555512685
5555512686
5555512687
5555512688
5555512689
5555512701
5555512707
5555512709
5555512718
5555512719
5555512720
5555512721
5555512722
5555512723
5555512724
5555512735
5555512737
5555512741
5555512746
5555512747
5555512749
5555512750
5555512751
5555512752
5555512753
5555512754
5555512755
5555512756
5555512757
5555512762
5555512778
5555512788
5555512792
5555512794
5555512796
5555512797
5555512800
5555512806
5555512807
5555512808
5555512812
5555512842
5555512843
5555512844
5555512845
5555512846
5555512847
5555512852
5555512860
5555512872
5555512877
5555512886
5555512887
5555512890
5555512898
5555512900
5555512901
5555512902
5555512903
5555512904
5555512906
5555512907
5555512909
5555512912
5555512913
5555512914
5555512928
5555512937
5555512944
5555512962
5555512964
5555512966
5555512969
5555512978
5555512988
5555513000
5555513001
5555513005
5555513006
5555513012
5555513019
5555513020
5555513022
5555513024
5555513027
5555513031
5555513032
5555513035
5555513041
5555513043
5555513047
5555513048
5555513053
5555513054
5555513055
5555513057
5555513061
5555513062
5555513063
5555513064
5555513065
5555513066
5555513067
5555513068
5555513071
5555513072
5555513074
5555513075
5555513082
5555513084
5555513091
5555513092
5555513094
5555513100
5555513102
5555513104
5555513106
5555513107
5555513112
5555513115
5555513119
5555513120
5555513122
5555513123
5555513129
5555513132
5555513133
5555513136
5555513138
5555513155
5555513156
5555513161
5555513173
5555513175
5555513179
5555513185
5555513186
5555513190
5555513192
5555513193
5555513203
5555513205
5555513207
5555513208
5555513210
5555513213
5555513214
5555513216
5555513236
5555513238
5555513240
5555513241
5555513242
5555513247
5555513254
5555513257
5555513260
5555513262
5555513263
5555513271
5555513274
5555513277
5555513278
5555513283
5555513300
5555513302
5555513306
5555513307
5555513308
5555513320
5555513321
5555513324
5555513325
5555513332
5555513334
5555513336
5555513338
5555513359
5555513360
5555513364
5555513368
5555513369
5555513370
5555513382
5555513384
5555513385
5555513393
5555513394
5555513395
5555513396
5555513399
5555513401
5555513403
5555513404
5555513406
5555513407
5555513413
5555513415
5555513417
5555513418
5555513419
5555513424
5555513429
5555513431
5555513439
5555513440
5555513442
5555513443
5555513446
5555513456
5555513457
5555513465
5555513471
5555513472
5555513474
5555513481
5555513487
5555513488
5555513489
5555513494
5555513505
5555513518
5555513519
5555513520
5555513522
5555513539
5555513543
5555513545
5555513549
5555513553
5555513561
5555513563
5555513564
5555513565
5555513568
5555513569
5555513570
5555513589
5555513591
5555513592
5555513597
5555513599
5555513610
5555513619
5555513634
5555513635
5555513643
5555513665
5555513666
5555513667
5555513668
5555513669
5555513675
5555513677
5555513678
5555513679
5555513680
5555513681
5555513682
5555513684
5555513685
5555513697
5555513718
5555513722
5555513734
5555513735
5555513739
5555513741
5555513743
5555513745
5555513746
5555513749
5555513752
5555513758
5555513762
5555513763
5555513764
5555513781
5555513782
5555513793
5555513800
5555513807
5555513818
5555513824
5555513825
5555513830
5555513831
5555513844
5555513849
5555513851
5555513852
5555513853
5555513854
5555513859
5555513865
5555513874
5555513875
5555513878
5555513881
5555513891
5555513892
5555513894
5555513895
5555513896
5555513899
5555513904
5555513909
5555513914
5555513915
5555513918
5555513922
5555513925
5555513927
5555513929
5555513930
5555513931
5555513932
5555513933
5555513935
5555513936
5555513939
5555513950
5555513954
5555513955
5555513956
5555513964
5555513966
5555513967
5555513968
5555513970
5555513971
5555513973
5555513975
5555513981
5555513983
5555513990
5555513991
5555513992
5555513998
5555514002
5555514003
5555514004
5555514005
5555514009
5555514011
5555514014
5555514025
5555514047
5555514064
5555514075
5555514077
5555514080
5555514094
5555514097
5555514105
5555514108
5555514111
5555514117
5555514119
5555514129
5555514131
5555514132
5555514138
5555514139
5555514146
5555514149
5555514154
5555514155
5555514158
5555514167
5555514175
5555514181
5555514182
5555514183
5555514184
5555514188
5555514189
5555514190
5555514191
5555514192
5555514194
5555514197
5555514198
5555514205
5555514206
5555514207
5555514215
5555514216
5555514217
5555514225
5555514230
5555514237
5555514241
5555514245
5555514246
5555514254
5555514256
5555514257
5555514260
5555514261
5555514264
5555514269
5555514271
5555514276
5555514279
5555514286
5555514289
5555514292
5555514293
5555514294
5555514295
5555514296
5555514297
5555514298
5555514299
5555514304
5555514310
5555514311
5555514318
5555514319
5555514320
5555514322
5555514324
5555514328
5555514329
5555514331
5555514332
5555514333
5555514335
5555514336
5555514341
5555514351
5555514356
5555514364
5555514372
5555514373
5555514375
5555514377
5555514379
5555514380
5555514383
5555514384
5555514385
5555514387
5555514388
5555514396
5555514399
5555514404
5555514405
5555514408
5555514418
5555514422
5555514430
5555514431
5555514440
5555514441
5555514444
5555514445
5555514449
5555514452
5555514453
5555514456
5555514462
5555514465
5555514466
5555514467
5555514469
5555514471
5555514478
5555514482
5555514483
5555514485
5555514487
5555514488
5555514497
5555514501
5555514502
5555514503
5555514513
5555514514
5555514516
5555514517
5555514524
5555514525
5555514527
5555514529
5555514532
5555514534
5555514536
5555514538
5555514539
5555514541
5555514543
5555514546
5555514548
5555514554
5555514565
5555514566
5555514567
5555514573
5555514579
5555514580
5555514584
5555514590
5555514591
5555514593
5555514594
5555514595
5555514597
5555514599
5555514606
5555514609
5555514611
5555514618
5555514619
5555514626
5555514637
5555514638
5555514639
5555514642
5555514645
5555514651
5555514655
5555514657
5555514660
5555514670
5555514671
5555514674
5555514675
5555514678
5555514679
5555514684
5555514685
5555514688
5555514697
5555514698
5555514699
5555514702
5555514704
5555514705
5555514706
5555514716
5555514722
5555514723
5555514728
5555514731
5555514733
5555514735
5555514738
5555514743
5555514746
5555514747
5555514752
5555514757
5555514758
5555514759
5555514764
5555514765
5555514768
5555514771
5555514773
5555514780
5555514784
5555514794
5555514796
5555514798
5555514805
5555514806
5555514807
5555514808
5555514809
5555514810
5555514812
5555514813
5555514815
5555514816
5555514823
5555514832
5555514837
5555514838
5555514840
5555514841
5555514842
5555514846
5555514852
5555514854
5555514855
5555514856
5555514860
5555514868
5555514872
5555514873
5555514874
5555514875
5555514876
5555514891
5555514892
5555514893
5555514900
5555514901
5555514902
5555514903
5555514906
5555514907
5555514910
5555514911
5555514912
5555514913
5555514918
5555514919
5555514925
5555514931
5555514933
5555514934
5555514935
5555514936
5555514938
5555514941
5555514945
5555514947
5555514948
5555514949
5555514958
5555514959
5555514967
5555514971
5555514972
5555514977
5555514982
5555514984
5555514985
5555514986
5555514989
5555514991
5555514992
5555514999
5555515003
5555515005
5555515009
5555515025
5555515028
5555515029
5555515031
5555515035
5555515036
5555515043
5555515046
5555515053
5555515054
5555515059
5555515061
5555515064
5555515065
5555515071
5555515080
5555515081
5555515082
5555515095
5555515099
5555515100
5555515107
5555515113
5555515122
5555515132
5555515136
5555515139
5555515148
5555515149
5555515150
5555515161
5555515164
5555515165
5555515168
5555515174
5555515177
5555515178
5555515181
5555515182
5555515191
5555515192
5555515195
5555515196
5555515200
5555515201
5555515203
5555515205
5555515207
5555515208
5555515218
5555515221
5555515225
5555515226
5555515236
5555515237
5555515252
5555515254
5555515255
5555515258
5555515260
5555515262
5555515264
5555515266
5555515268
5555515274
5555515276
5555515280
5555515288
5555515289
5555515291
5555515302
5555515303
5555515308
5555515312
5555515316
5555515317
5555515324
5555515326
5555515327
5555515328
5555515329
5555515331
5555515335
5555515336
5555515338
5555515342
5555515344
5555515346
5555515347
5555515363
5555515364
5555515370
5555515371
5555515372
5555515382
5555515383
5555515386
5555515387
5555515394
5555515401
5555515409
5555515414
5555515415
5555515416
5555515417
5555515418
5555515419
5555515432
5555515440
5555515441
5555515442
5555515443
5555515444
5555515447
5555515455
5555515460
5555515464
5555515465
5555515470
5555515472
5555515480
5555515481
5555515487
5555515488
5555515493
5555515495
5555515496
5555515498
5555515503
5555515505
5555515506
5555515511
5555515514
5555515515
5555515519
5555515527
5555515535
5555515542
5555515572
5555515578
5555515584
5555515601
5555515602
5555515640
5555515643
5555515645
5555515647
5555515649
5555515651
5555515655
5555515657
5555515658
5555515673
5555515678
5555515681
5555515685
5555515686
5555515693
5555515694
5555515703
5555515705
5555515713
5555515724
5555515727
5555515733
5555515741
5555515751
5555515763
5555515781
5555515800
5555515805
5555515807
5555515808
5555515815
5555515823
5555515824
5555515826
5555515833
5555515837
5555515840
5555515847
5555515848
5555515852
5555515854
5555515877
5555515878
5555515879
5555515884
5555515885
5555515887
5555515890
5555515897
5555515910
5555515911
5555515916
5555515918
5555515920
5555515924
5555515925
5555515943
5555515951
5555515953
5555515956
5555515967
5555515970
5555515973
5555515976
5555515979
5555515985
5555515988
5555515989
5555515990
5555516010
5555516013
5555516014
5555516016
5555516018
5555516019
5555516020
5555516021
5555516027
5555516028
5555516046
5555516051
5555516052
5555516055
5555516064
5555516071
5555516072
5555516073
5555516079
5555516080
5555516085
5555516086
5555516091
5555516092
5555516097
5555516099
5555516101
5555516102
5555516103
5555516105
5555516106
5555516110
5555516111
5555516122
5555516124
5555516127
5555516130
5555516133
5555516135
5555516136
5555516137
5555516138
5555516140
5555516141
5555516142
5555516143
5555516146
5555516147
5555516175
5555516176
5555516178
5555516179
5555516180
5555516182
5555516184
5555516192
5555516194
5555516197
5555516199
5555516204
5555516206
5555516208
5555516211
5555516216
5555516218
5555516219
5555516220
5555516222
5555516224
5555516226
5555516228
5555516229
5555516231
5555516232
5555516241
5555516244
5555516246
5555516251
5555516252
5555516255
5555516262
5555516264
5555516267
5555516269
5555516277
5555516286
5555516290
5555516291
5555516293
5555516295
5555516296
5555516299
5555516300
5555516301
5555516305
5555516306
5555516311
5555516313
5555516314
5555516315
5555516316
5555516318
5555516331
5555516334
5555516337
5555516338
5555516339
5555516343
5555516346
5555516347
5555516349
5555516358
5555516359
5555516368
5555516370
5555516382
5555516384
5555516385
5555516386
5555516387
5555516388
5555516389
5555516390
5555516391
5555516392
5555516394
5555516397
5555516399
5555516403
5555516404
5555516405
5555516411
5555516418
5555516419
5555516422
5555516423
5555516425
5555516435
5555516439
5555516440
5555516441
5555516443
5555516461
5555516467
5555516468
5555516469
5555516470
5555516471
5555516472
5555516473
5555516483
5555516505
5555516519
5555516525
5555516536
5555516540
5555516544
5555516546
5555516548
5555516552
5555516571
5555516575
5555516582
5555516591
5555516603
5555516605
5555516606
5555516609
5555516624
5555516628
5555516635
5555516636
5555516637
5555516641
5555516643
5555516645
5555516647
5555516657
5555516661
5555516662
5555516663
5555516678
5555516679
5555516692
5555516696
5555516705
5555516731
5555516740
5555516747
5555516757
5555516773
5555516787
5555516788
5555516798
5555516801
5555516802
5555516803
5555516822
5555516823
5555516828
5555516832
5555516839
5555516844
5555516846
5555516858
5555516861
5555516877
5555516878
5555516886
5555516908
5555516917
5555516922
5555516947
5555516948
5555516955
5555516970
5555516974
5555517006
5555517009
5555517014
5555517015
5555517018
5555517041
5555517050
5555517061
5555517087
5555517102
5555517114
5555517128
5555517132
5555517146
5555517150
5555517152
5555517179
5555517180
5555517181
5555517188
5555517206
5555517217
5555517227
5555517266
5555517283
5555517285
5555517300
5555517305
5555517309
5555517317
5555517324
5555517342
5555517343
5555517344
5555517345
5555517346
5555517347
5555517358
5555517360
5555517361
5555517368
5555517371
5555517372
5555517373
5555517378
5555517382
5555517404
5555517405
5555517412
5555517436
5555517439
5555517454
5555517461
5555517490
5555517521
5555517577
6015100290
6015220020
6015220030
6015220401
6015220520
6015350010
6015350030
6015350040
6015400010
6015400030
6015400040
6015400050
6015400060
6015400070
6015400080
6015400090
6015400100
6015400110
6015400120
6015400130
6015400140
6015400150
6015400160
6015400170
6015400180
6015400269
6015400290
6015400320
6015400330
6015400340
6015750011
6015770011
6015910010
6015930550
6015930560
6028010010
6028010020
6028010030
6028010040
6028010050
6028010060
6028010070
6028010080
6028010090
6028010100
6028010110
6028010120
6028010130
8888800030
8888800040
8888800050
8888800060
8888800070
8888800090
8888800100
8888800101
8888800110
8888800120
8888800130
8888800140
8888800150
8888800160
8888800201
8888800210
8888800230
8888800240
8888800250
8888800260
8888800271
8888800272
8888800280
8888800290
8888800291
8888800320
8888840180
8888850010
8888850030
8888850040
8888850060
8888850080
8888850090
8888850100
8888850110
8888850120
8888850140
8888850150
8888850220
8888850230
8888850250
8888850260
8888850270
8888850320
8888860030
8888860050
8888860060
8888860070
8888860080
8888860090
8888860100
8888860110
8888860130
8888860150
8888860180
8888860190
8888860210
8888860220
8888860240
8888860250
8888860260
8888860270
8888860280
8888860320
8888860350
8888860360
8888860430
8888860450
8888860460
8888860470
8888860490
8888860510
8888860520
8888860560
8888860590
8888870040
8888870056
8888870070
8888870130
8888870140
8888870160
8888870170
8888870180
8888870190
8888870200
8888870210
8888870220
8888870230
8888870250
8888870280
8888870300
8888870310
8888870340
8888870350
8888870360
8888871120
8888871130
8888871140
8888871150
8888871180
8888871200
8888871210
8888871220
8888871230
8888871240
8888871260
8888871290
8888871310
8888871340
8888871350
8888871360
8888871370
8888871380
8888871390
8888871400
8888871410
8888871420
8888871430
8888871440
8888871460
8888871480
8888871490
8888871500
8888871520
8888871530
8888871540
8888871550
8888871560
8888871590
8888871600
8888871610
8888871620
8888871630
8888871640
8888871650
8888871660
8888871670
8888871690
8888871700
8888871710
8888871720
8888871740
8888871750
8888871760
8888871770
8888871780
8888871800
8888871810
8888871820
8888871830
8888871840
8888871860
8888871870
8888871880
8888871890
8888871900
8888871910
8888871930
8888871940
8888871950
8888871970
8888871980
8888871990
8888872000
8888872010
8888872020
8888872030
8888872040
8888872050
8888872070
8888872090
8888872110
8888872120
8888872130
8888872140
8888872150
8888872160
8888872170
8888872180
8888872190
8888872200
8888872210
8888872230
8888872240
8888872250
8888872260
8888872280
8888872310
8888872320
8888872330
8888872340
8888872350
8888872360
8888872370
8888872380
8888872400
8888872420
8888872430
8888872450
8888872460
8888872480
8888872520
8888872540
8888872550
8888872560
8888872570
8888872580
8888872600
8888872610
8888872630
8888872650
8888872680
8888872690
8888872700
8888872710
8888872720
8888872740
8888872780
8888872800
8888872810
8888872820
8888872830
8888872840
8888872860
8888872870
8888872880
8888872890
8888872900
8888872910
8888872920
8888872930
8888872940
8888872950
8888872960
8888872970
8888872980
8888872990
8888873000
8888873010
8888873020
8888873030
8888873040
8888873060
8888873070
8888873080
8888873090
8888873100
8888873110
8888873120
8888873130
8888873140
8888873150
8888873160
8888873170
8888873180
8888873190
8888873200
8888873210
8888873230
8888873240
8888873260
8888873270
8888873290
8888873300
8888873310
8888873320
8888873340
8888873350
8888873360
8888873390
8888873400
8888873410
8888873420
8888873440
8888873450
8888873460
8888873470
8888873480
8888873490
8888873500
8888873510
8888873520
8888873530
8888873540
8888873550
8888873560
8888873570
8888873590
8888873600
8888873610
8888873630
8888873640
8888873650
8888873660
8888873670
8888873700
8888873710
8888873720
8888873730
8888873740
8888873750
8888873760
8888873770
8888873800
8888873810
8888873830
8888873850
8888873860
8888873880
8888873890
8888873900
8888873910
8888873920
8888873930
8888873940
8888873950
8888873960
8888873980
8888874000
8888874040
8888874050
8888874070
8888874090
8888874220
8888874230
8888874250
8888874260
8888874290
8888874330
8888874340
8888874350
8888874360
8888874420
8888874480
8888874490
8888874510
8888874530
8888874540
8888874550
8888874560
8888874570
8888874580
8888874590
8888874610
8888874620
8888874630
8888874640
8888874650
8888874660
8888874670
8888874680
8888874690
8888874700
8888874710
8888874720
8888874730
8888874740
8888874750
8888874760
8888874770
8888874780
8888874790
8888874810
8888874820
8888874830
8888874840
8888874850
8888874860
8888874870
8888874880
8888874890
8888874900
8888874910
8888874920
8888874930
8888874940
8888874950
8888874960
8888874970
8888874980
8888874990
8888875000
8888875010
8888875020
8888875030
8888875060
8888875070
8888875080
8888875090
8888875100
8888875120
8888875130
8888875160
8888875170
8888875240
8888875250
8888875260
8888875300
8888875310
8888875320
8888875330
8888875340
8888875390
8888875410
8888875450
8888875510
8888875540
8888875550
8888875560
8888875570
8888875580
8888875590
8888875600
8888875620
8888875630
8888875640
8888875650
8888875670
8888875680
8888875690
8888875710
8888875730
8888875740
8888875750
8888875760
8888875770
8888875780
8888875790
8888875800
8888875810
8888875830
8888875840
8888875860
8888875880
8888875890
8888875900
8888875910
8888875920
8888875930
8888875940
8888875950
8888875960
8888875970
8888875980
8888875990
8888876000
8888876010
8888876040
8888876050
8888876060
8888876070
8888876080
8888876090
8888876100
8888876110
8888876130
8888876140
8888876150
8888876160
8888876180
8888876190
8888876210
8888876220
8888876230
8888876240
8888876250
8888876260
8888876270
8888876280
8888876290
8888876310
8888876320
8888876330
8888876340
8888876350
8888876360
8888876390
8888876400
8888876410
8888876440
8888876450
8888876460
8888876470
8888876480
8888876490
8888876500
8888876520
8888876540
8888876550
8888876560
8888876630
8888876650
8888876700
8888876780
8888876790
8888876800
8888876810
8888876820
8888876840
8888876850
8888876860
8888876870
8888876880
8888876900
8888876930
8888876940
8888876950
8888876960
8888877100
8888877140
8888877200
8888877480
8888877510
8888877520
8888877550
8888877560
8888877570
8888877620
8888877630
8888877640
8888877650
8888877660
8888877670
8888877680
8888877690
8888877700
8888877710
8888877720
8888877730
8888877740
8888877750
8888877810
8888877820
8888877850
8888877860
8888877870
8888877880
8888877881
8888877882
8888877883
8888877900
8888877910
8888877930
8888877940
8888877950
8888877960
8888878430
8888878440
8888878930
8888878950
8888878980
8888879000
8888879010
8888879020
8888879030
8888879040
8888879060
8888879070
8888879080
8888879110
8888879140
8888879150
8888879320
8888879330
8888879360
8888879420
8888879421
8888879446
8888879449
8888879450
8888879453
8888879480
8888879491
8888879506
8888879507
8888879511
8888879516
8888879535
8888879537
8888879538
8888879590
8888879600
8888879610
8888879620
8888879630
8888879640
8888879650
8888879660
8888879670
8888879680
8888879690
8888879700
8888879710
8888879720
8888879730
8888879740
8888879750
8888879760
8888879780
8888879790
8888879800
8888879830
8888879840
8888879850
8888879860
8888879870
8888879880
8888879890
8888879900
8888879910
8888879920
8888879930
8888879940
8888879950
8888879960
8888879970
8888879980
8888879990
8888879991
8888879992
8888879993
8888879994
8888879995
8888879996
8888879997
8888879998
8888879999
8888890000
8888890001
8950208060
9011610010
