0020020300
0020061200
0020070300
0030100100
0030111700
0040221301
0040222201
0040242100
0040250100
0040260401
0040260600
0040260901
0040270700
0040271801
0040280100
0040290400
0040321501
0040332000
0040340100
0040340300
0070060000
0070070000
0070150000
0080000010
0100030400
0100030800
0100030900
0100040100
0100050800
0110000200
0110000900
0110001100
0150070402
0150210026
0150330008
0150350003
0150430007
0180020003
0180040008
0220120000
0230010000
0240170013
0260040000
0260220002
0280010800
0280021000
0300220000
0300230000
0300300000
0300340000
0300360000
0300430000
0320020002
0340250002
0340440002
0340510016
0340550011
0340570014
0390010000
0450030100
0450120903
0450122500
0450130603
0450153901
0450154100
0450154401
0450211402
0450241300
0450250100
0470010200
0470040100
0510261400
0510301500
0510320301
0510330103
0510340070
0510340110
0510350100
0510350600
0510360401
0510370402
0510451302
0510460300
0510461300
0510540000
0550021202
0550040600
0550070500
0550070801
0550120601
0550121800
0550130101
0550140102
0550151300
0550160104
0550180100
0550190400
0550190900
0550191900
0550192100
0550192800
0570011500
0570012003
0570021301
0570021502
0590170500
0610110000
0610430202
0610460301
0610460406
0610470200
0610470500
0610470700
0610500200
0610500300
0610500500
0610500600
0610501300
0610501400
0610501500
0610510200
0610511500
0610511900
0610512000
0610512100
0610513300
0610514100
0610521000
0610521500
0610522000
0610522700
0610522901
0610523400
0610530300
0610532000
0610541200
0610541300
0610542602
0610544200
0610550300
0610552700
0610553300
0610553500
0610560500
0610560600
0610561200
0610561500
0610561600
0610570200
0610620200
0610620301
0610620600
0610620902
0610621802
0610621901
0610622600
0610630300
0610630601
0610630900
0610631200
0610631600
0610631700
0610632100
0610632901
0610650300
0610650900
0610651000
0610651201
0610651600
0610652000
0610652500
0610652600
0610660500
0610661700
0610662800
0610662900
0610663200
0610670400
0610670800
0610671202
0610671901
0610672101
0610681501
0610681702
0610681903
0610682201
0610690700
0610700601
0610701100
0610701600
0610740100
0610740700
0610740900
0610741000
0610750701
0610751300
0610751400
0610751700
0610820500
0610830102
0610830703
0700012000
0700020400
0700110101
0720420000
0720460000
0730021000
0730021400
0730051400
0730051600
0750090501
0770010301
0770010307
0770010401
0770010601
0770020101
0770020200
0770030202
0770040502
0770040704
0800060100
0810030001
0810390003
0810650000
0811080005
0811080007
0811170002
0811210002
0811280001
0811610001
0811700000
0811740000
0820022000
0820061600
0820110800
0860050600
0860051500
0860060101
0860070600
0860070800
0860120101
0900060102
0900061700
0900071300
0900082200
0900100100
0900131700
0900132100
0900150103
0930010100
0950100700
0980090300
0980100500
0980100600
0980101500
0980110700
0980130500
0980141000
0980141600
0980311206
0980320400
0990060700
1000051000
1000051300
1000060100
1000060300
1000061100
1010010200
1010010500
1010010600
1010010700
1010011400
1010011700
1010020600
1010020700
1010022300
1010030900
1010031500
1010060103
1010060200
1010060601
1010061000
1010061201
1010061301
1020010004
1020020007
1020030005
1020040001
1020050003
1020050004
1020080000
1020110002
1020120000
1020130001
1020160003
1020170002
1020190006
1040050008
1040060004
1040070003
1060020101
1060020700
1060080100
1060080200
1060090400
1060130100
1090010100
1090010301
1090020209
1090030100
1090030303
1090030602
1090030702
1100010100
1100010700
1100010900
1100020600
1100020900
1100030200
1100030400
1100030800
1100030901
1100040300
1100050004
1100070400
1100070601
1100070800
1100080800
1100081000
1100100102
1110010002
1110030300
1110030701
1110040402
1110040503
1120000103
1120000700
1130050000
1130120000
1130170000
1130180001
1140020001
1160030002
1160030008
1160050100
1160070300
1160070600
1160070700
1160070800
1160090202
1160100600
1160110100
1160110300
1160120101
1160120103
1160120400
1160130002
1160130004
1160130005
1160130007
1160140101
1190050700
1190050800
1190060105
1190070110
1190070402
1190070700
1190070800
1190080111
1190081500
1190081601
1190081701
1200100002
1200110001
1200120002
1200130002
1200130005
1220180102
1220181000
1220200100
1220200901
1220210102
1220230600
1220240004
1220260001
1220280003
1220290001
1220290003
1220330013
1220330015
1250020104
1250020105
1250020301
1250020602
1250020703
1250020904
1250030602
1250040101
1250040302
1250040702
1250040801
1250050100
1250050603
1250050800
1250060100
1250060403
1250070101
1250070103
1250070104
1250070401
1250070702
1250090300
1250100300
1250100800
1270020002
1270030002
1270030003
1270100000
1270150005
1280010301
1300010900
1300020602
1300020902
1300021601
1310160005
1320020600
1340010100
1350010001
1350010005
1350050008
1350080002
1350090001
1350110002
1350150001
1350180001
1360020001
1360070000
1360160000
1360310000
1360320000
1360390002
1360400000
1370010100
1370010200
1370010400
1370010700
1370020801
1370021300
1370022000
1370022200
1410040000
1420020602
1420020801
1420041600
1420050100
1420050701
1420050702
1420051900
1420052000
1420052400
1420052900
1420053000
1420070104
1420070800
1420080600
1420080700
1420081100
1420081200
1420081600
1420090100
1420090500
1420090800
1420090900
1440020300
1440020901
1450011001
1450021500
1450031700
1450040400
1460051404
1460051505
1460051800
1470010300
1470010400
1470020100
1470030200
1470040300
1470040400
1470040500
1470041000
1470050500
1470060200
1490040100
1490040800
1490050500
1490061000
1490071000
1490080600
1490081400
1490090200
1510030010
1510040005
1510060000
1510090003
1510110006
1530080000
1530210000
1550040001
1550050007
1550060013
1550080018
1550080019
1550090004
1550100015
1550140019
1550160000
1550170004
1550210001
1550270000
1570030500
1570031100
1570050202
1570060100
1570060502
1570090300
1570110503
1570120502
1570120701
1570120809
1570120902
1570121007
1570130901
1580010000
1590030000
1590050000
1590080000
1590100000
1610010300
1610010700
1610010800
1610013900
1610015100
1620060001
1630060000
1630070001
1640010000
1640080000
1640130000
1650000100
1660010700
1660020200
1660020300
1660020400
1660020500
1660030200
1660030702
1660030703
1660030905
1660031105
1660031209
1660040101
1680020000
1680040000
1680050000
1690020101
1690020201
1690021001
1690030202
1690030302
1690041100
1690041300
1690050400
1690050500
1690060100
1690060300
1690070100
1690071001
1690071002
1690072302
1690072500
1690072600
1700080100
1700080200
1700080800
1700090300
1700091300
1700100102
1700100200
1700100800
1700120201
1700120400
1700121202
1700130101
1700130200
1700130300
1700130301
1700130501
1700130701
1700140100
1700140300
1700140403
1700150400
1700150703
1700150800
1700151601
1700151702
1720020102
1720020700
1740050000
1760070000
1760090000
1760160000
1770040300
1770040500
1770040800
1770041400
1770070100
1770080100
1770080201
1770080502
1770081000
1770082000
1770082200
1770090102
1770090401
1770101602
1770101900
1770110101
1770110602
1770111200
1770120402
1770132100
1770150500
1770150800
1770151200
1780100600
1780100800
1780101501
1780101502
1780200500
1780201100
1780201300
1780201700
1780201801
1780201902
1790010000
1790100000
1790120000
1800030002
1800130000
1810010300
1810020601
1820000300
1820000400
1820000600
1820001200
1830071001
1830071200
1830071300
1830071400
1840200100
1840200700
1840200800
1840200900
1840211300
1840211600
1840240600
1840240800
1840250400
1840250500
1840250700
1850300600
1850310200
1850310300
1850310400
1850320600
1850350100
1850350200
1850370200
1850370500
1850370700
1860400600
1860410100
1860420201
1860420300
1860430300
1860430701
1880010200
1880010500
1880010700
1900010300
1900010700
1900011000
1900011100
1900011200
1900011402
1900011905
1900011907
1900020300
1900020900
1900021100
1900021300
1900021400
1900021500
1900022200
1900022701
1910700901
1940011301
1940011302
1940020902
1940021100
1940052300
1950030100
1950030200
1950040100
1950041200
1960000300
1960000900
1960001000
1960001601
1960002200
1960002301
1960003100
1970000701
1980870101
1980880102
1980930601
1980950800
1980960701
1991160200
2000390002
2000911301
2000980300
2000980700
2000981600
2000990900
2001010603
2001020501
2001021500
2001050300
2001051202
2001051600
2001060200
2001070600
2001111000
2001111300
2001130901
2001140700
2001170702
2001181100
2001181501
2001191000
2001241100
2001250800
2001271000
2001271200
2001271600
2001290300
2001290400
2001290901
2001291601
2001300500
2001300601
2001300901
2001310800
2001311500
2001320400
2001320600
2001321400
2001330100
2001400100
2010010301
2010011100
2010060502
2010090300
2010090500
2010101100
2010101200
2010120400
2010130301
2010130700
2010131100
2010140100
2010160401
2010190100
2010190900
2010191200
2010200101
2010200400
2010210101
2010220501
2010221503
2010230300
2010250500
2010251900
2010261800
2010262000
2010271200
2010280301
2010280401
2010280703
2010281100
2010290300
2010291001
2010301300
2010301600
2010302000
2010310100
2010321700
2010330500
2010330700
2010331500
2010331700
2010340101
2010340700
2010360100
2010361202
2010400105
2010411100
2010420700
2010440500
2010440900
2010441100
2010450900
2010451301
2010451600
2010460400
2010461500
2010470200
2010470300
2010471000
2020030103
2020030901
2020031100
2020031300
2030000100
2040490400
2040490802
2040500700
2040551000
2040551100
2040590300
2040590400
2040600200
2040600402
2040600600
2040610101
2040610700
2040610900
2040660700
2040670300
2040670600
2040690101
2040690900
2040700701
2040730400
2040810400
2040820600
2040821901
2040831500
2040832300
2040870600
2040880100
2060000010
2070010000
2070030000
2070070000
2090010400
2090010901
2090021301
2090030100
2090030802
2090030901
2090031200
2090031400
2090040300
2110030600
2110030700
2110040601
2110050102
2110071503
2110071703
2110071705
2110071706
2110080506
2110090801
2110120102
2110121000
2130041100
2130041400
2130050600
2130050900
2130060600
2130061300
2130080101
2130081000
2130090102
2130090300
2130090601
2130101300
2130101800
2130110801
2130182201
2130191300
2130191801
2130200902
2130201000
2130210100
2130210500
2130212000
2130221301
2130232302
2130233300
2130240902
2130241001
2130242101
2130251700
2130260101
2130260401
2130350302
2130350700
2130370500
2150080400
2150080900
2150081100
2160070800
2160071400
2170121500
2170130900
2170131400
2180040600
2190130103
2190140300
2190170101
2190180401
2210010301
2210010704
2210020201
2210020401
2210021400
2210030100
2210030300
2210030701
2210030808
2220010001
2220040000
2230010100
2230010400
2230021001
2250000100
2250001000
2250001200
2250001701
2280000200
2310030407
2320010600
2320030500
2320030600
2330080000
2340000500
2340000600
2340000700
2340000900
2350010101
2350020200
2350040301
2350050900
2350052102
2350100101
2350100700
2350110100
2350121703
2360030000
2370010002
2390520300
2390600500
2410000600
2410000700
2420010500
2420011301
2420031500
2420041900
2420050101
2420051800
2420090100
2420090301
2420100100
2420110600
2420112300
2420121302
2420121700
2420131600
2420132101
2420141800
2420160100
2420170902
2420171700
2420172300
2420180401
2420180601
2420190100
2420190400
2420191001
2420191201
2430060008
2430060013
2430060014
2450040007
2450040008
2450050001
2450050006
2450050007
2450090009
2460040000
2470010002
2470070003
2470080001
2470160004
2470200002
2490020000
2490080000
2490090000
2490130003
2490180001
2510050000
2520011001
2520020500
2520021200
2520022901
2520023001
2540010000
2540070000
2540080000
2540120000
2540140003
2560010002
2560020003
2560090001
2560150002
2560170004
2560200001
2560250001
2560340007
2590030100
2590030201
2590030405
2590040701
2590060600
2590061300
2590070600
2590071003
2590071200
2590080300
2590100400
2590110501
2590111101
2590111300
2590130106
2590130204
2590130504
2600041300
2600061200
2620010002
2640010801
2640010802
2640040300
2650010200
2660000303
2690010902
2690030601
2690030900
2690031000
2690050201
2690060300
2690070100
2690080400
2690080700
2690081000
2690090101
2690090400
2690090500
2690090601
2690090902
2710060000
2710080001
2720020400
2730080001
2730120000
2730220001
2730230001
2740010302
2740010501
2740010701
2740030100
2740031300
2740032000
2740040100
2740040200
2740051000
2740060400
2740060900
2740061701
2740061900
2740062500
2740071300
2740080600
2740091206
2740091601
2750120500
2750130102
2750130500
2750130600
2750130900
2750150400
2770040001
2780011200
2780012700
2780012801
2780013007
2780020101
2780031200
2780031602
2780031802
2780032000
2780042001
2780042200
2780042401
2790020200
2790020400
2790030700
2800110001
2800110004
2810040001
2820030701
2820050100
2820070301
2820070501
2820090100
2820090401
2820100500
2820100701
2820101800
2820110301
2820110401
2820140401
2820140500
2820140503
2820141501
2820141701
2820150301
2820150901
2820151001
2820160201
2820180008
2840050000
2840090003
2880010010
2880010020
2890002600
2910030000
2923100014
2923100026
2923153001
2923250011
2923250012
2923300003
2923310004
2923320003
2923320007
2923320008
2923320012
2923320013
2923320014
2923320021
2923330005
2923330009
2923330010
2923330011
2923330012
2923330020
2923330021
2923330022
2923332006
2923333002
2924070004
2924070020
2924070026
2925030015
2925140025
2925150015
2926040018
2926040028
2926050023
2926062002
2926070021
2930010026
2930010035
2930011006
2931080013
2931100018
2931111005
2931190006
2931190012
2931220008
2931300019
2931300029
2990000200
3022010003
3022014001
3022120002
3022120004
3022150012
3022152005
3022240014
3022240020
3022240021
3022241002
3022250003
3022250012
3023050007
3023050009
3023050011
3023050013
3023052003
3023060045
3023060051
3023070011
3023070018
3023070025
3023070026
3023080002
3023080008
3023080009
3023080011
3023080014
3023080015
3023080016
3023080019
3023080021
3023080023
3023090002
3023090004
3023160008
3023160022
3023170004
3023170008
3023170013
3023170018
3023170020
3023170021
3023170022
3023170025
3023172001
3023172004
3023172005
3023172006
3023180011
3023180020
3023180022
3023190042
3023200012
3023201005
3023202003
3023210012
3023210013
3023210015
3023210017
3023210018
3023210019
3023211006
3023213004
3023214006
3023214007
3023214008
3023214009
3023221008
3023224007
3023224008
3023242003
3023250011
3023254001
3023261005
3023270019
3023270024
3023280040
3023280042
3023280057
3023280066
3023290001
3023290012
3023300025
3023350131
3023350146
3023350200
3023350214
3023350215
3023350228
3023360030
3023360117
3023360144
3023360156
3023360168
3023360181
3024030001
3024031009
3024031012
3024033009
3024033012
3024040003
3024043012
3024050005
3024050006
3024050008
3024052008
3024052010
3024081009
3024090009
3024090016
3024094004
3024101006
3024101008
3024104007
3024104010
3024104012
3024104013
3024110032
3024140019
3024140186
3024140187
3024140188
3024150026
3024150055
3024150091
3024210078
3024210094
3024220022
3024220023
3024220036
3024220045
3025040013
3025270005
3025270012
3026060007
3026270003
3026333005
3026340023
3027143005
3027210001
3029040007
3031080011
3031312000
3110010000
3110080002
3110130000
3110150002
3122013005
3122013006
3122050012
3122054004
3122080004
3122080011
3122080021
3122080043
3122080044
3122121002
3122121006
3122121007
3122121008
3122124007
3122160022
3122160064
3122160068
3122160069
3122170018
3122170021
3122190004
3122200002
3122211006
3122224005
3122270030
3122270050
3122270054
3122270055
3122270056
3122270057
3122280022
3122342002
3122342004
3122350011
3122350022
3122360039
3122362003
3123071006
3123202002
3123280009
3123282009
3123282016
3123291005
3123322008
3123324004
3123332005
3123333005
3123333006
3123334007
3124010005
3124010046
3124010064
3124011007
3124013003
3124013004
3124120002
3124120024
3124124001
3124130012
3124130054
3124130056
3124130058
3124164004
3124193005
3124193012
3124242007
3124283004
3124320007
3124320010
3124332014
3124333007
3124340002
3124342006
3124343016
3124344014
3124360046
3125050077
3125050081
3125060014
3125070021
3125070039
3125090038
3125090051
3125090052
3125150025
3125150054
3125150063
3125150064
3125180007
3125184008
3125190008
3125200018
3125270031
3125270032
3125300013
3125303006
3125304004
3125304005
3125310005
3125314003
3125320020
3125320022
3125320024
3125320026
3125340023
3125340072
3125340078
3125340091
3130222005
3130243006
3130253008
3130320001
3131133003
3131142002
3131200002
3131244004
3221234002
3221240003
3221250004
3222020038
3222020044
3222020056
3222020058
3222030036
3222030042
3222090005
3222090007
3222100048
3222113002
3222114005
3222154005
3222160206
3222160208
3222160234
3222200162
3222200165
3222210162
3222210220
3222210234
3222210237
3222280014
3222290025
3222290118
3222290126
3222290136
3222290142
3222290143
3222290146
3222290178
3222290184
3222300015
3222310042
3223060014
3224031003
3224031004
3224033004
3224034004
3224034005
3224040019
3224040052
3224100041
3224110011
3224110013
3224110015
3224110016
3224110020
3224110021
3224110024
3224110038
3224110040
3224134002
3224140013
3224140022
3224140027
3224244004
3224250088
3224260085
3224260086
3224360067
3224360070
3224360072
3224360080
3225010002
3225010003
3225010018
3225020015
3225020027
3225030047
3225090015
3225090024
3225090026
3225090043
3225090045
3225090057
3225090075
3225090081
3225090111
3225090135
3225102002
3225112001
3225112005
3225144005
3225154001
3225180004
3225194007
3225200006
3225200011
3225274001
3225290024
3225300021
3225300042
3225320009
3225322002
3225324001
3225324006
3225324020
3225354001
3226020008
3226020011
3226020014
3226021006
3226023004
3226024004
3226030006
3226031001
3226032002
3226032004
3226100002
3226111003
3226111004
3226114007
3226114010
3226143004
3226152005
3226161010
3226162004
3226162006
3226211006
3226214007
3226221004
3226221007
3226222002
3226222005
3226223009
3226261005
3226272009
3227250001
3227272002
3230112003
3230141006
3230141007
3230251003
3231170013
3231304005
3321054002
3321070035
3321070051
3321070074
3321080013
3321080027
3321080035
3321080076
3321090020
3321091002
3321100018
3321100025
3321100036
3321110031
3321110041
3321110056
3321110069
3321110070
3321120051
3321120076
3321120088
3321120089
3321120094
3321120108
3321120112
3321120113
3321120114
3321140003
3321140007
3321140013
3321150010
3321154004
3321154005
3321181011
3322020029
3322020039
3322021009
3322030009
3322044007
3322050024
3322050028
3322051007
3322060006
3322070011
3322070025
3322070072
3322070099
3322070112
3322070140
3322070152
3322070158
3322070164
3322070215
3322070220
3322080044
3322080078
3322100009
3322100011
3322100012
3322130013
3322130014
3322130015
3322130016
3322130018
3322130027
3322130029
3322130036
3322130037
3322160005
3322160012
3322160081
3322160096
3322170073
3322170223
3322170244
3322170251
3322170252
3322170256
3322170262
3322170299
3322170302
3322170304
3322170316
3322170376
3322170420
3322170435
3322170436
3322170440
3322170441
3322170448
3322170451
3322170453
3322170456
3322180019
3322180032
3322180102
3322180120
3322180144
3322180147
3322180180
3322180182
3322180183
3322180194
3322180195
3322182009
3322200027
3322200035
3322200038
3322200039
3322200049
3322200076
3322200080
3322202006
3322202008
3322210082
3322210096
3322210140
3322210141
3322210149
3322220057
3322220178
3322220180
3322230004
3322240007
3322242004
3322242006
3322260034
3322270024
3322270031
3322270039
3322270238
3322270249
3322270267
3322270288
3322270310
3322270331
3322270332
3322270333
3322280015
3322280021
3322280024
3322282005
3322330010
3322340223
3322340226
3322340271
3322344005
3322350024
3322350027
3322350028
3322350030
3323070008
3323070009
3323070017
3324320001
3324324006
3324330003
3324331007
3325010008
3325053006
3325060008
3325062002
3325062007
3325063008
3325064010
3325064011
3325070008
3325071006
3325071007
3325074008
3325102002
3325120030
3325120032
3325120033
3325122001
3325130019
3325130023
3325130045
3325130046
3325130063
3325131005
3325152005
3325162011
3325193003
3325194001
3325240014
3325250015
3325250020
3325250021
3325250030
3325260003
3325260004
3325260005
3325270031
3325350010
3325360005
3325360012
3325360036
3325360053
3325360054
3326030027
3326030074
3326030078
3326040072
3326040099
3326040123
3326040128
3326040129
3326050062
3326050085
3326053005
3326060014
3326070010
3326080050
3326080054
3326090013
3326090016
3326090070
3326090074
3326090141
3326090162
3326090202
3326100016
3326160002
3326160044
3326160061
3326170023
3326170072
3326170081
3326170090
3326170104
3326170105
3326170116
3326170207
3326170234
3326180045
3326180050
3326190017
3326200010
3326200024
3326200057
3326200062
3326300021
3326300022
3326353001
3326353004
3326354011
3327030004
3327040011
3327042003
3327060013
3327091001
3327092001
3327101005
3327102003
3327103001
3327112000
3327121005
3327124004
3327210001
3327210007
3327210009
3327293000
3327294000
3328154004
3328161001
3328163011
3328180011
3328222003
3328271004
3421010017
3421010018
3421014002
3421014006
3421020004
3421020042
3421020078
3421020114
3421020131
3421020132
3421020178
3421020191
3421020192
3421020210
3421020236
3421020240
3421020243
3421020258
3421020290
3421020299
3421020315
3421020329
3421020347
3421020411
3421020441
3421020459
3421020462
3421020502
3421020512
3421020530
3421020531
3421020548
3421021008
3421030071
3421030072
3421030085
3421030110
3421030114
3421030132
3421040034
3421040045
3421040059
3421050006
3421053005
3421060009
3421090021
3421100029
3421100034
3421100035
3421110051
3421110090
3421110105
3421110121
3421110165
3421110166
3421110167
3421120080
3421120085
3421124003
3421130052
3421130076
3421130100
3421150031
3421150053
3421230034
3421230037
3421230046
3421230047
3421240028
3421240100
3421240101
3421250069
3421250071
3421250086
3421250123
3421250125
3421250126
3421250131
3421253003
3421253005
3421253006
3421360001
3421360002
3422070021
3422071006
3422170030
3422170048
3422180002
3422184008
3422190019
3422190020
3422190047
3422300016
3422300042
3422300047
3422300070
3422310022
3422310025
3422310046
3422310068
3422320015
3422324004
3422350001
3422350005
3422350018
3425172006
3425172007
3425230009
3425234000
3425240009
3425240037
3425241004
3425250017
3425252002
3425260004
3425312004
3425322005
3425364000
3426010019
3426010029
3426010033
3426010034
3426010035
3426010036
3426012009
3426012011
3426024005
3426030032
3426031007
3426034007
3426040027
3426040028
3426050034
3426080008
3426080019
3426090011
3426093006
3426100002
3426100017
3426100027
3426110039
3426110041
3426110047
3426110051
3426110052
3426120025
3426120032
3426123001
3426130009
3426130087
3426131013
3426140001
3426140020
3426140026
3426140054
3426140069
3426141007
3426141008
3426142005
3426150042
3426150046
3426150047
3426150050
3426150051
3426150054
3426150070
3426153013
3426154008
3426210023
3426212008
3426220090
3426220113
3426220124
3426220140
3426220142
3426220143
3426220145
3426223009
3426230030
3426230040
3426230055
3426230070
3426230073
3426230076
3426230098
3426230099
3426230123
3426230129
3426230143
3426230148
3426230157
3426230162
3426230163
3426231014
3426234009
3426240010
3426240021
3426240045
3426240046
3426240055
3426240066
3426240088
3426240090
3426240094
3426241003
3426244008
3426250056
3426250061
3426250075
3426250114
3426250115
3426250132
3426250140
3426250156
3426250188
3426250190
3426260028
3426260046
3426260057
3426260067
3426260071
3426260079
3426260089
3426260103
3426260104
3426260110
3426260112
3426260124
3426260168
3426260172
3426260192
3426260201
3426260209
3426260225
3426260236
3426260238
3426260240
3426260243
3426260263
3426260268
3426260299
3426260305
3426260308
3426260315
3426260316
3426260325
3426260327
3426260330
3426260364
3426260371
3426260372
3426260384
3426260390
3426264009
3426264013
3426270018
3426270039
3426270046
3426270090
3426270101
3426270122
3426270139
3426270155
3426270159
3426270164
3426270167
3426270183
3426270201
3426272005
3426274020
3426280003
3426280006
3426280016
3426281014
3426281017
3426281020
3426323001
3426330041
3426331014
3426340040
3426340050
3426340091
3426340095
3426340099
3426340103
3426340116
3426340135
3426340155
3426340157
3426340187
3426340215
3426340230
3426344018
3426350002
3426350005
3426350009
3426350010
3426350027
3426350028
3426350031
3426350036
3426350082
3427060032
3427070058
3427070066
3427070069
3427070077
3427170027
3427171006
3427180005
3427180031
3427190040
3427190047
3427200013
3427290003
3427290009
3427290018
3427290021
3427290030
3427290031
3427294006
3427300031
3427300048
3427300049
3427302006
3427310012
3427320008
3429060006
3429060012
3429060016
3429060018
3429102007
3429244005
3520040020
3520050055
3520050088
3520054008
3520090047
3520090052
3520090060
3520090061
3520100013
3520100058
3520100062
3520132000
3520140007
3520150027
3520150031
3521020035
3521040019
3521040022
3521050009
3521050016
3521063011
3521071005
3521071008
3521071009
3521074006
3521084006
3521084007
3521100013
3521100016
3521100038
3521100066
3521100067
3521110007
3521140028
3521140038
3521150045
3521150064
3521150089
3521150090
3521160040
3521160049
3521190027
3521200007
3521202014
3521210015
3521220040
3521220043
3521220044
3521220077
3521224005
3521230036
3521230056
3521260104
3521260114
3521260118
3521260119
3521270017
3521270030
3521273008
3521273010
3521274005
3521274006
3521274007
3521294016
3521300014
3521310029
3521310032
3521310033
3521314003
3521320016
3521320071
3521320072
3521330016
3521330020
3521340043
3521340050
3521340062
3521341006
3521350017
3521350093
3521350097
3521352010
3521360024
3521360039
3524033003
3524140007
3524140027
3524140030
3524140040
3524140042
3524140043
3524140052
3525060001
3525060042
3525060044
3525163002
3525200001
3525210008
3526020010
3526020012
3526024004
3526040003
3526041005
3526042015
3526042016
3526042017
3526044004
3526051001
3526070002
3526080003
3526082006
3526091002
3526092004
3526093004
3526110015
3526110019
3526110021
3526120003
3526122001
3526130007
3526130014
3526130030
3526140005
3526140014
3526150011
3526170002
3526170010
3526170019
3526170021
3526170032
3526170041
3526170059
3526220028
3526220032
3526220037
3526222002
3526230007
3526240014
3526250042
3526250055
3526250103
3526250116
3526250156
3526250159
3526250171
3526250175
3526250184
3526250194
3526250196
3526250203
3526250205
3526261002
3526264008
3526271005
3526272008
3526273001
3526274002
3526280004
3526332007
3526350023
3526350025
3526350027
3526350050
3526350052
3526351007
3527010004
3527020012
3527020014
3527022006
3527080014
3527080017
3527094003
3527310001
3527310012
3528020001
3528020003
3528020004
3528090005
3528134008
3528163005
3528170019
3528174007
3528190008
3528212009
3528240003
3528240007
3528252006
3528252007
3528253004
3528253006
3528254003
3528260018
3528260025
3528292010
3528293001
3528293008
3528293010
3528294013
3528300001
3528301003
3528302003
3528302004
3528302007
3528302008
3528310008
3528310009
3528310010
3528324011
3528324013
3528354001
3529180007
3529180008
3529190003
3529202007
3529203005
3529203010
3529204008
3529204014
3529293009
3529293013
3529294009
3529294010
3529294012
3529300002
3529302010
3529302011
3529303008
3529303011
3529311009
3529311012
3529311013
3529312007
3529312010
3529312012
3529313010
3529313011
3530010025
3530010028
3530010040
3530010043
3530013005
3530020004
3530020031
3530020059
3530020074
3530054006
3530054007
3530060005
3530060010
3530110011
3530120008
3530120014
3530121002
3530130010
3530130013
3530134005
3530360002
3531032006
3531033010
3531034007
3531034009
3531034010
3531041007
3531042003
3531042005
3531053004
3531060001
3531060003
3531060008
3531061005
3531063009
3531063010
3531064004
3531070021
3531094005
3531101007
3531101010
3531104006
3531114008
3620300019
3624271006
3625010001
3625010009
3625011002
3625013003
3625111003
3625111005
3625114002
3625120023
3625133006
3625134006
3625140007
3625142012
3625142015
3626030013
3626031001
3626032006
3626033008
3626044005
3626050002
3626052008
3626060002
3626062003
3626062004
3626063002
3626091007
3626101007
3626101008
3626104006
3626104007
3626104008
3626130047
3626232006
3626232007
3626240043
3626273006
3626300015
3626300024
3626300025
3626333008
3626333010
3626353006
3627012007
3627012009
3627012010
3627013007
3627013008
3627013011
3627020001
3627020002
3627021003
3627021004
3627021005
3627022004
3627022006
3627022007
3627022009
3627023007
3627023008
3627023011
3627023012
3627024001
3627024004
3627024005
3627024006
3627040022
3627040042
3627060026
3627070032
3627070039
3627074001
3627101005
3627111006
3627111007
3627111008
3627111009
3627111010
3627111011
3627112005
3627121007
3627122009
3627122011
3627123007
3627123008
3627123009
3627123010
3627124005
3627124006
3627124007
3627124008
3627124009
3627124010
3627124011
3627124012
3627133005
3627133006
3627133008
3627133011
3627133012
3627141005
3627141006
3627141007
3627141008
3627141009
3627141010
3627190007
3627244006
3627244007
3627244008
3627244009
3627244013
3628012011
3628012013
3628030005
3628030009
3628040008
3628043004
3628051007
3628053008
3628054014
3628061001
3628061009
3628090009
3628104002
3628110001
3628111003
3628121004
3628121006
3628142008
3628142010
3628144003
3628144004
3628151002
3628151009
3628153007
3628180006
3628211008
3628214008
3628220001
3628230003
3628230012
3628230013
3628230015
3628230016
3628230017
3628234002
3628234005
3628241001
3628242010
3628243014
3628253005
3628253007
3628253008
3628260002
3628260005
3628260015
3628262005
3628270005
3628270007
3628270013
3628270015
3628270020
3628270029
3628271011
3628280003
3628280009
3628340014
3628340024
3628344007
3628350005
3628350006
3628350007
3628350010
3628350013
3628350015
3628350019
3628350020
3628350023
3628351001
3629030004
3629030006
3629033010
3629040008
3629040016
3629042005
3629052009
3629053012
3629054009
3629062008
3629062010
3629062012
3629064002
3629070001
3629100005
3629104011
3629110026
3629110027
3629112003
3629113006
3629130024
3629130036
3629141012
3629142009
3629143012
3629144001
3629144003
3629150021
3629220008
3629220010
3629220013
3629220014
3629220020
3629220022
3629220023
3629220025
3629220026
3629220028
3629220036
3629230009
3629230010
3629240012
3629270011
3629270013
3629270019
3629270026
3629273007
3629273008
3629303006
3629340001
3629340003
3629340006
3630011001
3630011004
3630012008
3630012009
3630022001
3630032006
3630032012
3630032014
3630033008
3630033009
3630033010
3630033011
3630040009
3630042005
3630042007
3630042009
3630043006
3630044004
3630044007
3630051001
3630052011
3630052013
3630053005
3630054004
3630060002
3630060007
3630060008
3630060010
3630081002
3630081003
3630081004
3630082001
3630082006
3630082010
3630090002
3630092003
3630093009
3630094002
3630101007
3630101008
3630101009
3630101011
3630103006
3630103009
3630103010
3630104008
3630104010
3630104011
3630111001
3630113006
3630120021
3630120025
3630121007
3630122008
3630133006
3630133009
3630133010
3630140004
3630140005
3630140014
3630140016
3630140018
3630141006
3630143005
3630143009
3630143013
3630144001
3630144008
3630150002
3630151005
3630151011
3630151012
3630152006
3630160003
3630160006
3630162007
3630162010
3630162011
3630163016
3630164006
3630164013
3630164014
3630171001
3630171003
3630172004
3630181007
3630190041
3630190043
3630200006
3630201014
3630210015
3630211012
3630211013
3630211015
3630212005
3630212007
3630213013
3630213014
3630220007
3630230001
3630230004
3630230006
3630230007
3630240002
3630243010
3630250007
3630250008
3630251010
3630263002
3630290027
3630290028
3630290029
3630291006
3630292007
3630293006
3630294013
3630300010
3630301005
3630301006
3630302008
3630302009
3630323010
3630324006
3630330024
3630340012
3630340017
3630344003
3630352005
3631062003
3631062005
3631063008
3631064002
3631204004
3631280001
3631282005
3631290001
3631290016
3631290018
3631290021
3631290028
3631291006
3631291007
3631291010
3631291011
3631292008
3631292009
3631300006
3631300008
3631300012
3631300013
3631302008
3631302009
3631310010
3631323012
3631330003
3631341007
3631342011
3631342012
3631343010
3725350006
3725351003
3725354003
3726063001
3726064004
3726074005
3726172001
3726230009
3726230012
3726230013
3726230015
3726232013
3726240002
3726250025
3726250032
3726250039
3726250077
3726250080
3726260004
3726260006
3726262009
3726270003
3726274001
3726274005
3726274006
3726290025
3726290027
3726300005
3726310024
3726311003
3726324005
3726324006
3726324009
3726330016
3726340004
3727011001
3727011002
3727014004
3727020001
3727030049
3727030071
3727030082
3727030092
3727030101
3727030104
3727030107
3727080028
3727090029
3727090052
3727090098
3727090109
3727090127
3727090130
3727100032
3727100033
3727100034
3727100037
3727100048
3727100079
3727100080
3727100082
3727102005
3727102007
3727120007
3727120018
3727150025
3727160070
3727160108
3727160150
3727160174
3727160179
3727160200
3727160207
3727160265
3727170013
3727170032
3727170059
3727200043
3727200083
3727200091
3727200101
3727200102
3727200121
3727200151
3727200161
3727200177
3727220013
3727252004
3727260013
3727260026
3727263009
3727290016
3727290038
3727290054
3727290078
3727300044
3727300061
3727310009
3727314003
3727320034
3727320040
3727320048
3727333006
3727342004
3727343001
3727343002
3727343004
3727351001
3727351003
3727352010
3727352012
3727352013
3727354001
3727361002
3727361003
3727362001
3727363006
3728010006
3728020005
3728020006
3728030005
3728030006
3728033002
3728033003
3728044002
3728052007
3728053003
3728054005
3728054006
3728054010
3728081007
3728082003
3728082007
3728083001
3728083003
3728083005
3728083006
3728083007
3728084006
3728084007
3728090004
3728093007
3728100011
3728100012
3728103004
3728114001
3728114004
3728114009
3728142004
3728204006
3728214003
3728220017
3728222001
3728241010
3728241011
3728241012
3728244008
3728250015
3728250020
3728250023
3728251007
3728301004
3728304005
3728310005
3728310006
3728312003
3728312008
3728313002
3728313005
3728313006
3728314005
3728314007
3728340015
3728340018
3728340023
3728344002
3728350017
3728350020
3728350032
3728351002
3728360016
3729111007
3729112003
3729120008
3729120010
3729122007
3729122008
3729122009
3729123001
3729130002
3729142004
3729143003
3729182007
3729191007
3729191008
3729191009
3729193007
3729204004
3729204010
3729204011
3729232006
3729240021
3729240029
3729281004
3729292009
3729304014
3729310007
3729310009
3729312008
3729313001
3729313005
3729320011
3729321010
3729330016
3730012002
3730020021
3730040004
3730050006
3730052001
3730061010
3730061011
3730062015
3730064008
3730071006
3730072006
3730080008
3730100004
3730110019
3730113007
3730120018
3730122005
3730122006
3730123007
3730130006
3730130007
3730131006
3730134009
3730140001
3730181009
3730190014
3730190015
3730190016
3730190017
3730194006
3730310004
3730312007
3730341010
3730342002
3730343003
3730344006
3730350006
3730352005
3730352009
3730353013
3730353014
3730354015
3730354016
3730363011
3731061008
3731064007
3731064010
3731064011
3731074010
3731200001
3731254008
3731254009
3731262002
3731350008
3731351005
3731352006
3731354007
3731362008
3825010010
3825010035
3825160005
3826010029
3826011002
3826020064
3826020072
3826020074
3826040041
3826041006
3826041007
3826042006
3826050004
3826050006
3826060010
3826060020
3826090009
3826100042
3826100066
3826100070
3826110007
3826110029
3826110072
3826120011
3826120026
3826120034
3826120036
3826120037
3826122005
3827020007
3827020036
3827022001
3827022005
3827030057
3827100031
3827100060
3827110003
3827110009
3827122006
3827122008
3827122009
3827123011
3827140018
3827140066
3827140069
3827140085
3827140087
3827140109
3827140112
3827140115
3827154006
3827160002
3827160006
3827210008
3827220023
3827220099
3827220106
3827224006
3827230058
3827244010
3827260056
3827263003
3827270069
3827270076
3827270107
3827271006
3827271008
3827314003
3827340005
3827340064
3827340074
3827340079
3827340091
3827340102
3827340123
3827340138
3827350007
3828033002
3828034008
3828034012
3828040002
3828041007
3828050009
3828050014
3828050017
3828050043
3828050046
3828064003
3828070001
3828070007
3828070008
3828073006
3828082002
3828082005
3828082006
3828084006
3828090025
3828091008
3828093004
3828094003
3828100006
3828102003
3828103002
3828114005
3828120001
3828140011
3828140013
3828181007
3828194005
3828280001
3828281001
3828283004
3828284011
3828291012
3828301007
3828304006
3828311002
3828320005
3828321004
3828334008
3828344007
3828353006
3829060001
3829060004
3829060009
3829312007
3830100002
3830100007
3830134009
3830140001
3830210002
3830210004
3830210007
3830210014
3830231001
3830231009
3830234004
3830250011
3830250018
3830280009
3830292011
3830324001
3830330008
3830330010
3831073008
3831101006
3831103011
3831112003
3831112011
3831140004
3831140009
3831151018
3831160001
3831180001
3831180002
3831200010
3831204008
3831210005
3831210012
3831210021
3831212009
3831212010
3831212011
3831220001
3831220004
3831222008
3831230003
3831230010
3831230012
3831230014
3831234001
3831242005
3831250018
3831252005
3831270018
3831270031
3831273004
3831280011
3831280013
3831281003
3831282002
3831282006
3831292006
3831302007
3831324007
3831330010
3831330017
3831330019
3831330025
3831330028
3831331008
3831331010
3831331011
3831351007
3925012003
3925091002
3925290006
3926011005
3926060067
3926060071
3926060094
3926120025
3926120026
3926120029
3926121001
3926121002
3926121005
3926130002
3926130031
3926130033
3926130039
3926130040
3926130057
3926130059
3926150008
3926150009
3926150012
3926150013
3926180019
3926220015
3926220017
3926220036
3926230019
3926230022
3926230024
3926230025
3926230027
3926230032
3926230039
3926230040
3926240001
3926243003
3926250030
3926250048
3926250050
3926250052
3926250060
3926250062
3926250064
3926260005
3926260009
3926260011
3926260013
3926260020
3926260022
3926260025
3926260026
3926260028
3926270001
3926270002
3926270004
3926272010
3926340003
3926340015
3926340018
3926344008
3926350006
3926350009
3926354003
3927040044
3927040054
3927040069
3927040072
3927040096
3927052004
3927052005
3927060027
3927060032
3927060034
3927071007
3927080002
3927083008
3927083012
3927090012
3927090019
3927090022
3927092001
3927100009
3927100026
3927100070
3927103003
3927150031
3927150047
3927150053
3927154015
3927160017
3927160036
3927160066
3927160067
3927180003
3927181010
3927210006
3927210049
3927210059
3927220011
3927220027
3927220078
3927220079
3927232006
3927252003
3927260065
3927260076
3927260083
3927260084
3927280052
3927330057
3927340005
3927340036
3927350069
3927352005
3928021002
3928024005
3928024006
3928024007
3928130006
3928291006
3928291010
3928291011
3928293004
3928310001
3928312002
3928314005
3928314006
3928320013
3928320022
3928321007
3928321009
3928324009
3928342009
3928342010
3928343007
3928344010
3929011006
3929013006
3929032008
3929050002
3929061013
3929064003
3929070002
3929070012
3929081005
3929081009
3929084004
3929121004
3929124006
3929134006
3929150002
3929181003
3929190020
3929190021
3929192003
3929201007
3929210001
3929214004
3929214005
3929244001
3929251001
3929280009
3929284006
3929290003
3929290004
3929290005
3929320008
3929330001
3930013010
3930013012
3930014006
3930014007
3930014009
3930020008
3930021005
3930021007
3930030002
3930040013
3930050005
3930050007
3930051008
3930053005
3930070035
3930070039
3930080011
3930081003
3930084002
3930110005
3930112007
3930114010
3930120001
3930120016
3930123007
3930124005
3930133009
3930134003
3930134005
3930141006
3930141009
3930141013
3930170008
3930170012
3930174005
3930174006
3930180020
3930180021
3930244005
3930280010
3931020011
3931144001
3931151001
3931154002
3931162006
3931170002
3931172002
3931181006
3931181008
3931182005
3931182006
3931183005
3931183006
3931190002
3931190004
3931190005
3931193001
3931193006
3931194006
3931200006
3931201003
3931203008
3931204001
3931204004
3931211004
3931260001
4025130003
4025130006
4025232001
4025251003
4025350004
4026150010
4026173005
4026183009
4026190001
4026191008
4026191011
4026192007
4026192011
4026194005
4026201002
4026203003
4026203009
4026210010
4026211005
4026211008
4026212005
4026214005
4026214006
4026221007
4026221014
4026222008
4026222009
4026223010
4026223011
4026223013
4026224007
4026224012
4026233005
4026233006
4026274006
4026284003
4026292005
4026293006
4026294007
4026294009
4026301003
4026301005
4026301006
4027050028
4027050115
4027050120
4027050132
4027050143
4027050176
4027050177
4027080024
4027080050
4027080053
4027080054
4027080067
4027080070
4027150039
4027170006
4027200022
4027210033
4027220009
4027220053
4027220064
4027220072
4027220087
4027220119
4027220128
4027220133
4027220151
4027220171
4027230011
4027240006
4027250002
4027250010
4027250011
4027250018
4027250022
4027250023
4027250025
4027250027
4027250028
4027250029
4027250033
4027250034
4027250035
4027250038
4027260049
4027280034
4027290026
4027290038
4027330054
4027340013
4027340019
4027340030
4027340052
4027340060
4027340071
4028032007
4028040001
4028050006
4028050010
4028050016
4028050019
4028050022
4028050023
4028050024
4028060003
4028060010
4028060016
4028080004
4028080008
4028080019
4028080024
4028080026
4028080035
4028090012
4028090014
4028100014
4028150004
4028160001
4028160002
4028160006
4028170002
4028170023
4028170025
4028170026
4028170028
4028170033
4028170037
4028170041
4028170045
4028170047
4028170048
4028190009
4028190014
4028190020
4028200016
4028200017
4028200022
4028200028
4028200029
4028200033
4028200035
4028200037
4028200038
4028200042
4028200043
4028210014
4028210023
4028210027
4028210028
4028224005
4028264000
4028280028
4028280032
4028290004
4028290043
4028290053
4028290055
4028290057
4028300006
4028300009
4028300011
4028300012
4028300013
4028300018
4028300019
4028300021
4028300025
4028320007
4028330006
4028330011
4028330012
4028330013
4028340014
4028340019
4028340021
4028340032
4028340033
4028350033
4028360005
4029040007
4029040008
4029040012
4029040016
4029041006
4029060019
4029060025
4029060036
4029060038
4029070014
4029070016
4029070023
4029070030
4029080006
4029080025
4029080028
4029080032
4029080033
4029080039
4029090013
4029090015
4029090018
4029090027
4029090031
4029090036
4029090037
4029100008
4029123006
4029140009
4029140011
4029143005
4029144005
4029154001
4029164010
4029172001
4029173007
4029173008
4029173012
4029180003
4029180006
4029200007
4029200008
4029200014
4029200015
4029200016
4029201009
4029202007
4029202008
4029210010
4029234003
4029274010
4029274011
4029280003
4029280010
4029283002
4029283006
4029284011
4029291008
4029291009
4029291011
4029312012
4029312013
4029313008
4029334005
4029334006
4029340014
4029340017
4029350009
4030020003
4030030020
4030040002
4030040003
4030040008
4030042009
4030042012
4030042013
4030052011
4030052013
4030053002
4030084007
4030090030
4030090032
4030090037
4030101009
4030101011
4030102010
4030110007
4030114005
4030200005
4030290003
4030312007
4030320004
4030341002
4030342007
4030342009
4030342010
4030351009
4030352002
4030352005
4030354003
4031221006
4031232002
4031232006
4031261006
4031264009
4080000100
4080000800
4100020000
4100040000
4100050000
4100060000
4100070000
4100080000
4100090000
4100100000
4100110000
4100120000
4110000201
4130070000
4130100000
4130160000
4130220003
4130240002
4130260000
4130300002
4130310002
4130360000
4140000700
4140000800
4150130000
4167811201
4180060000
4180110002
4190010100
4190010300
4190010500
4190011100
4190011200
4190011400
4190011500
4190020300
4190020500
4190020700
4190020800
4190020900
4190021100
4190030400
4190030800
4190040300
4190040400
4190040700
4190041001
4200070003
4200170002
4200190007
4210000300
4210000500
4230000300
4230000700
4230001300
4230001500
4240000100
4240000200
4240000300
4240000400
4240000700
4250020001
4250120000
4250130002
4250130003
4260005000
4260007000
4300100000
4330000101
4330000201
4350240001
4350240002
4370000400
4370000700
4400010000
4400020000
4400030003
4400050003
4400260003
4450450000
4450620001
4450860015
4450870015
4450880011
4450890012
4480000100
4600050000
4600090000
4660060000
4660070000
4660080000
4660100000
4660130000
4660190000
4660230000
4660380000
4660410000
4660480000
4660560000
4660660000
4660670000
4660730000
4660750000
4660820000
4660830000
4660850000
4660860000
4660870000
4660900000
4660910000
4660920000
4660940000
4660950000
4660960000
4661000000
4661040000
4661090000
4661120000
4661130000
4661180000
4661190000
4661200000
4661220000
4661310000
4661350000
4661410000
4661480000
4661540000
4661560000
4661590000
4661660000
4661800000
4661820000
4661830000
4661840000
4661860000
4661870000
4661890000
4661920000
4670020000
4670180000
4670190000
4670520000
4680020000
4680040000
4680050000
4680280000
4700160001
4700170005
4700180004
4700290000
4700340003
4700340004
4710120000
4710210000
4710280000
4730130001
4730250000
4730330000
4749000200
4749000300
4749000400
4749000500
4750020000
4770390000
4770470001
4770520000
4770620000
4780050000
4780060000
4780080000
4780120000
4780180000
4780200000
4780210000
4800070005
4800200004
4800230002
4800240000
4810001000
4810002000
4810003000
4810004000
4810005000
4810006000
4810007000
4820003000
4820004000
4820008000
4840000101
4840000201
4840000301
4860000100
4860000200
4860000300
4860000700
4860003700
4860003800
4860004102
4865001800
4865002000
4890000100
4890000900
4890001000
4890001200
4890001400
4890001800
4890001900
4890002200
4890002400
4900040000
4900050000
4900060002
4900060006
4900140001
4900150001
4900220003
4900440001
4900520000
4900560001
4900600000
4910040000
4910060000
4910080000
4910460000
4920030005
4920040002
4920050000
4920200001
4920250000
4920400000
4920450000
4920490001
4920490002
4920520001
4920610000
4920860001
4920940002
4921170001
4921180003
4930170000
4930630000
4943040001
4943050000
4943080000
4943120000
4943200000
4943270000
4943400000
4943420000
4943570001
4943610000
4950030101
4950030503
4950050101
4964010000
4964170000
4964180000
4964210000
4964220000
4964230000
4964240000
4964250000
4964500000
4964550000
4964560000
4964570000
4964590001
4964610000
4964620000
4964630000
4964640000
4964760000
4964820000
4964840000
4964890000
4964910001
4965010001
4965070000
4965130001
4965230000
4965250001
4965280000
4965290000
4965320000
4965440002
4965460000
4965530000
4965650000
4965660000
4970000100
4970000200
4970000300
4970000500
4990000400
4990000600
4990000800
4990001100
4990001300
5000010502
5000010700
5000021500
5000031203
5000031302
5010030001
5010070000
5010080002
5010140000
5010190000
5010210000
5020010000
5020030000
5070000100
5070000600
5070000800
5070001000
5070001200
5070001302
5080003000
5080004000
5080005000
5101190010
5101200001
5101210000
5101220002
5110040000
5110050002
5110060000
5120030000
5120110002
5130290001
5130300004
5130320000
5130360001
5130390001
5141350002
5151390005
5151430012
5190001000
5210021700
5210021900
5210022101
5250150000
5250240003
5260050000
5260120000
5260160000
5270010002
5270010008
5270020000
5270030000
5270050002
5340000122
5350010010
5350010011
5350030003
5360000200
5360000300
5380090000
5380270001
5380290000
5390001000
5400020005
5400030002
5400110001
5400200001
5400240001
5400470011
5400490003
5400500005
5400500009
5400540001
5410040000
5410080001
5410210001
5410220000
5410260000
5410330000
5410380000
5460000200
5460000300
5470000100
5470000200
5490000300
5490000400
5490000500
5490000600
5540000100
5540000400
5540000500
5540000600
5540000700
5550110000
5550140000
5580020400
5580020500
5590020000
5600010010
5600110000
5600170000
5600310000
5600320000
5610550000
5620050000
5630040000
5640000100
5640000900
5640001000
5650010600
5650020303
5650020503
5680080000
5680100000
5680110000
5690010000
5700070000
5700080000
5700130002
5700160005
5710020000
5710040002
5710050007
5710160002
5780010050
5780020040
5780030030
5780050010
5780050020
5780050030
5780060020
5780070020
5780070030
5780080010
5780080020
5780080030
5780080050
5780090020
5780100010
5780100030
5780100040
5780100050
5780110010
5780110020
5780110040
5780120010
5780130040
5810070000
5810150001
5830060000
5830100000
5850130006
5850230004
5860020000
5860050000
5860070000
5870020000
5870040000
5870070000
5870110000
5870140000
5880000302
5890020000
5900010108
5900010201
5900010203
5900020400
5900020801
5900040500
5900090004
5930000104
5940000100
5950150000
5950260000
5960001000
5960003000
5960004000
5970018900
5970019000
5980000200
5980000300
5980000600
5980000800
6000100000
6000110000
6000170000
6000320000
6010330000
6010340000
6010580000
6010650000
6010710000
6020110000
6020150000
6020210000
6033020000
6033030000
6033040000
6033050000
6033150000
6033160000
6033190000
6033270000
6033390000
6033490000
6033500000
6033520000
6033550000
6033560000
6033580000
6033600000
6033690001
6033690002
6033730000
6033740000
6033750000
6033790000
6033870000
6033880000
6033920000
6034010001
6034020000
6034030000
6034050000
6034060000
6034070000
6034080000
6034110000
6034130000
6034160000
6034220000
6034350000
6034380000
6034390000
6034430000
6034450000
6034490000
6034500000
6034510000
6034560000
6034590000
6040100701
6040102000
6040102200
6040102600
6040200100
6040202100
6040202402
6040301800
6040302300
6040302600
6040500200
6040501101
6040502300
6040502801
6040503900
6040504100
6040504200
6040505001
6040600400
6040601403
6040602401
6040603201
6040603300
6040603900
6040604000
6040604600
6040605100
6050190000
6080000300
6090000100
6090000200
6090000300
6090000400
6090000500
6090000600
6090000700
6090000800
6100100001
6110030000
6110070000
6110200000
6110210000
6120040000
6120170002
6120170003
6120210011
6130050000
6140060001
6140090001
6160050000
6160060000
6160100000
6160150000
6160160001
6170030000
6170100000
6170150004
6180000100
6180000200
6200010008
6200020011
6200040003
6200040006
6200080006
6240001000
6250020001
6250090005
6250100004
6250130014
6270000300
6360010000
6360030000
6360160000
6360250000
6360260000
6360320000
6370010002
6380100000
6380140000
6380160000
6380320000
6380420000
6380500000
6380550000
6380630000
6380640000
6390000000
6390010000
6390040000
6390070000
6390200000
6390270000
6390360000
6390420000
6390440000
6390470000
6400070002
6400090002
6411100000
6411180000
6411380001
6411410000
6411440000
6411610000
6411700000
6411710000
6411740000
6411760000
6420000000
6421001000
6421004000
6421014000
6421015000
6421020000
6421047000
6421052000
6421055000
6421058000
6421063000
6421065000
6421066000
6421070000
6421074000
6421076000
6431089000
6431104000
6431121000
6431128000
6431136000
6431141000
6431142000
6431147000
6431149000
6431155000
6431159000
6431163000
6431166000
6440140000
6440210000
6440260000
6440290000
6440300000
6440380000
6440390000
6450050014
6450070016
6450110002
6460090000
6460100002
6490020000
6490030000
6490100000
6490110000
6490160000
6490260000
6490280000
6490300000
6500010206
6500011000
6500011502
6500011707
6500020205
6550070007
6560010400
6700010001
6700040001
6700050000
6700090000
6700100000
6710010000
6710040000
6710080000
6710230000
6710250000
6710410000
6710540000
6710550000
6710570000
6710620000
6710690000
6710750000
6710770000
6710890000
6710940000
6710960000
6710970000
6711080000
6711150000
6711160000
6711210000
6711250000
6711290000
6711320000
6711350000
6711420000
6711470000
6720030001
6720070000
6720090000
6720100000
6720170000
6730070000
6730150000
6730160000
6730170000
6730180000
6730190000
6730270000
6730380000
6730390000
6730420000
6730440000
6730450000
6730470000
6730510000
6730620001
6730650000
6730670000
6750020002
6770022500
6770022600
6770022800
6770022900
6770023000
6770023100
6770023200
6800080004
6850050001
6880000100
6880000700
6880000800
6880000900
6880001000
6950180006
6960010000
6960030000
6960060000
6960070000
6960080000
6960090000
7000010000
7000030002
7000120000
7050050000
7100040007
7100100026
7100110007
7120250018
7170020000
7170060000
7170090000
7170160000
7170190000
7170250000
7170260000
7170340001
7170370000
7200040002
7200050000
7200060001
7220080000
7220090000
7220110000
7220160000
7220200000
7220430000
7230000100
7230000400
7230000600
7230000900
7240000100
7240000200
7240000300
7240000400
7240000500
7240000600
7240000700
7240000800
7240000900
7240001000
7240001100
7240001200
7240001400
7240001500
7250010000
7250110004
7270001000
7270004000
7280002000
7280004001
7280005001
7290000100
7290000300
7290000400
7300011101
7300011202
7300030201
7310140001
7310230000
7310260000
7330010000
7330030000
7330060000
7330080006
7340010000
7340020000
7340130000
7340150000
7350010001
7350020002
7400110002
7450040001
7460080000
7460110000
7470070000
7470080000
7470100000
7470230001
7470260001
7470290000
7470400000
7470410000
7470550000
7470690000
7470700000
7470760000
7470900000
7470910000
7470970001
7470990000
7471020000
7471030000
7471080000
7471160000
7471190000
7471230000
7471240000
7471270000
7471300000
7471310000
7471350002
7471410000
7471420000
7471460000
7480030000
7480080002
7480100000
7480110000
7480220000
7480230000
7480270000
7480300000
7480340000
7480360000
7480400000
7480540000
7480680000
7480700000
7480730001
7480740000
7480770000
7480820000
7480880000
7480910000
7480960000
7480990001
7490020001
7490420000
7490430000
7490690000
7490700000
7490710000
7490910002
7490920000
7490940000
7490970000
7491090001
7491160000
7491280000
7491330000
7491340000
7491410000
7491540001
7491710000
7491880000
7500030002
7500210001
7500230002
7510110000
7510190002
7520020000
7520030000
7520050001
7520060001
7530060000
7530070000
7540030000
7540040000
7540050000
7540070000
7540090000
7540110000
7540130000
7540160000
7540210000
7550100000
7570040000
7570130000
7600070000
7600100002
7600230000
7610040000
7610050000
7610060000
7610080000
7610120000
7610160000
7610210000
7610220000
7610300000
7610310000
7610420000
7620050000
7620100000
7620150000
7630021300
7630022100
7630022800
7630030200
7630030300
7630030800
7630040400
7640100000
7690040000
7690050000
7700010209
7710000300
7710000400
7710000700
7720000100
7740001000
7740003000
7740008000
7750011103
7750030400
7780070001
7790120000
7790170000
7790190000
7830160000
7830180000
7830220001
7830240005
7840010000
7840110000
7890000100
7900010027
7900010055
7900050007
7900170002
7900220005
7900230001
7900230002
7900330004
7900400011
7900430000
7900470003
7900480010
7900520005
7900520010
7900550000
7900560003
7900610000
7900680008
7900680012
7910030000
7910100001
7910140000
7910200000
7920030000
7920050000
7960000002
7960000300
7960000908
8010000010
8010000020
8010000190
8010000250
8800130100
8800300010
8800300030
8800310100
8800310300
8800400010
8800400020
8800850100
8800900020
8801090300
8801800100
8802000100
8802200300
8802610200
8802900200
8803050300
8803210200
8803400100
8803900200
8804200200
8804300400
8804700100
8804800200
8804800400
8804900100
8805000100
8805100100
8805200200
8805300100
8805300200
8805300300
8805310100
8805700010
8805800300
8805800400
8806100300
8806500010
8806500024
8806600100
8806600300
8806700000
8806960100
8807010200
8807060200
8807060401
8807200010
8807300020
8807300040
8807350200
8807350400
8807400200
8807500021
8807590100
8807900010
8808200100
8808200400
8808230200
8808250201
8808400100
8808500030
8808500040
8808600010
8808710401
8808900100
8809150400
8809210200
8809210400
8809300010
8809300020
8809350100
8809500200
8809550200
8809690100
8809690300
8809800300
8809830100
8809830200
8810000200
8810210030
8810300200
8810310202
8810330200
8810340200
8810350100
8810350200
8810400010
8810400040
8810430300
8810490100
8810490400
8810550200
8810600300
8810700000
8810850200
8811050200
8811070400
8811140100
8811140400
8811200030
8811300010
8811340100
8811340200
8811550100
8811550200
8811550300
8811670100
8811670200
8811670300
8811700200
8811710200
8811720200
8811750105
8811830200
8811830400
8811850200
8811950300
8811960300
8811960400
8812000010
8812150201
8812200010
8812200020
8812300020
8812500020
8812800040
8812950100
8813500020
8813620200
8813660100
8813670100
8813680200
8813900200
8814000300
8814100100
8814100300
8814100400
8814200100
8814200300
8814300030
8814340101
8814610300
8814680100
8814680200
8814710200
8814710300
8815000020
8815100100
8815100300
8815200100
8815300010
8815300030
8815400100
8815510100
8815710100
8815710400
8815800000
8816000010
8816000020
8816170201
8816210100
8816260101
8816260200
8816400100
8816550200
8816960100
8816960200
8816960300
8817300200
8817400103
8817550201
8817550400
8817600300
8817700200
8817900020
8818000100
8818110100
8818500400
8819200400
8819400200
8819400400
8819500100
8819600101
8820500200
8820600100
8820800200
8821000020
8821100100
8821100200
8821300100
8821500200
8821500300
8822000200
8822000300
8822300200
8823000400
8823760100
8824200030
8824500300
8824700200
8824700300
8824900030
8825100040
8825300202
8825500100
8825500200
8825800100
8825800200
8826050100
8826050300
8826070100
8826300011
8826300012
8826600010
8826600021
8826900100
8827210100
8827210200
8827210300
8827210400
8827300100
8827330100
8827330200
8827400100
8827700200
8827710100
8827720100
8827800100
8827800200
8827900100
8828000030
8828200030
8828310300
8828320100
8828320400
8828410200
8828900010
8828900020
8828900040
8829200010
8829500000
8829560200
8829560300
8829810300
8829860300
8830000200
8830200200
8830300100
8830300300
8830400200
8830500100
8830500203
8830510100
8830510200
8830510300
8830510400
8831000102
8831100020
8831100033
8831230100
8831230200
8831400030
8831800100
8832100100
8832200100
8832500100
8832600100
8832600200
8832600400
8832690300
8832700200
8832700300
8832900200
8833100100
8833100400
8833300200
8833400200
8833500100
8833700100
8833700200
8833700403
8833900300
8833900400
8834000040
8834200100
8834400200
8834600200
8834800100
8834800200
8834800300
8834800400
8834900300
8835200100
8835200200
8835400300
8835500100
8835800020
8835900000
8836010101
8836100400
8836610301
8837000010
8837400101
8837400200
8837600100
8837600300
8838100200
8838400200
8838600100
8839000100
8839000200
8839100201
8839200100
8839200201
8839200202
8839600200
8839800100
8839800200
8841000100
8841500011
8841900200
8842000030
8842300100
8842300300
8842300400
8842400200
8842700300
8842700400
8843700102
8843700300
8844000100
8844110200
8844300100
8844320100
8844400010
8844420100
8844420200
8844420300
8844610101
8844820300
8844900100
8845210200
8845900200
8846100300
8846300100
8846300200
8846400200
8846510300
8846620200
8846700801
8846910101
8847100300
8847200203
8847300103
8847600200
8847800100
8847920200
8847920300
8848000040
8848100020
8848100040
8848200010
8848200020
8848310200
8848320100
8848320200
8848350100
8848360100
8848700010
8848810100
8848900100
8849310200
8849410201
8849410301
8849500042
8849520200
8849700010
8849780100
8849800020
8849900020
8849900030
8850310100
8850320200
8850320400
8850450100
8850450200
8850450300
8850500200
8850550300
8850600100
8850800300
8850850102
8850900200
8851100300
8851600013
8851600025
8851900200
8851900400
8852000100
8852000200
8852190200
8852200200
8852300020
8852500100
8852600200
8852700100
8852700300
8852900020
8853000301
8853300100
8853350200
8853700100
8854200101
8854200102
8854800100
8855100100
8855900200
8856200100
8856300100
8856400200
8856600200
8856700100
8857410010
8857410020
8857500100
8857500300
8858110200
8858110300
8858300012
8858600300
8858700100
8858800100
8858800200
8858900100
8859300100
8859500020
8859600200
8859700300
8859910300
8859920200
8859920300
8860000300
8860150100
8860150200
8860550300
8860900200
8861000200
8861100400
8861200200
8861200300
8861300200
8861300300
8861400201
8861600200
8862000100
8862100100
8862100200
8862100300
8862200100
8862300200
8863500300
8863900200
8864000010
8864300100
8864700101
8864750101
8865400101
8865500200
8865700300
8865800300
8865900010
8866000300
8866000400
8866200100
8866300102
8866300400
8866500300
8866700200
8866800100
8866800200
8867600100
8867600200
8867800020
8867900100
8868000100
8868000200
8868110300
8868210100
8868210200
8868500010
8868500040
8868600200
8868690100
8868800010
8868800020
8869100101
8869200300
8869300100
8869500020
8869870100
8869910200
8869910300
8870000100
8870010030
8870020200
8870030300
8870050400
8870060100
8870410400
8870610100
8870670200
8870670300
8870670401
8870680400
8870800100
8870900040
8871050100
8871150100
8871150200
8871150300
8871150400
8871420400
8871460300
8871500010
8871500020
8871700100
8871700400
8871800100
8871840200
8871840300
8872010100
8872100100
8872200100
8872200400
8872510100
8872510300
8872510401
8872600042
8872700011
8872700030
8872700043
8872900030
8873010100
8873010200
8873110400
8873200200
8873210100
8873220200
8873280100
8873280300
8873340200
8873400100
8873570100
8873650200
8873650300
8873700040
8873900010
8873900030
8873920200
8874210101
8874250100
8874300010
8874700100
8875000020
8875000030
8875200020
8875200030
8875220200
8875500020
8875510100
8876000020
8876000040
8876350100
8876350200
8876500033
8876510101
8876700100
8876700401
8876800200
8876900100
8876900300
8876900400
8876930100
8877090300
8877100400
8877130101
8877130301
8877310200
8877310300
8877400000
8877590200
8877660300
8877670200
8877910201
8878000030
8878200200
8878400200
8878460100
8878500100
8878610200
8878810100
8878810200
8879100200
8879650100
8879650200
8879800300
8880100100
8880100200
8880300100
8880400100
8880400200
8880500100
8880800100
8881300300
8881500300
8881900101
8882330100
8882330200
8883000200
8883100200
8883500200
8884500030
8884900200
8885000010
8885000020
8885200200
8887200200
8887300200
8887300300
8887400200
8887500200
8888000010
8888150200
8888300300
8889100100
8889200200
8889200400
8889290100
8889290200
8889310100
8889400101
8889400400
8889900020
8889900030
8889900040
8890000011
8890200010
8890200040
8890300010
8890400010
8890400030
8890580100
8890900013
8891000010
8891000020
8891200100
8891400400
8891700100
8891900100
8891900200
8892100101
8892200200
8892300200
8892300400
8892600100
8892600200
8895000200
8896300300
8896300400
8897000100
8897000200
8898100100
8898100400
8898200200
9001040100
9001040200
9003000100
9003000200
9003000300
9003000400
9003000500
9003001100
9003001200
9003001300
9003001400
9003001600
9004000001
9008000100
9008001100
9008001600
9008002100
9008002200
9008002900
9008003000
9009000100
9009000200
9009011019
9009011021
9009012022
9009012024
9009013031
9009014034
9009015041
9009015043
9010000101
9016020010
9100000405
9100000406
9100000409
9100000412
9100000608
9100000609
9100000616
9100000620
9100001100
9100020050
9100020100
9100020140
9100020170
9100020230
9100020280
9100020300
9100020360
9100020380
9100022010
9100024030
9100024050
9100027150
9100027190
9100027280
9100027350
9100027390
9100027400
9100027410
9100027430
9100027440
9100027450
9100027520
9100027560
9100028010
9100028120
9100029010
9100029060
9100029080
9100029130
9100031310
9100031320
9100031340
9100041800
9100043900
9100080400
9100090100
9100090200
9100090600
9100090802
9100100000
9100100501
9100100701
9100100901
9100220300
9100220800
9100220900
9100300000
9100310100
9100310500
9100310600
9100330010
9100330040
9100330100
9100330180
9100330190
9100330210
9100350000
9100350101
9100500004
9100500013
9100500022
9100500025
9100500026
9100500027
9100500035
9100500038
9100500042
9100500043
9100500044
9100500046
9100500047
9100500049
9100500601
9100710030
9100710100
9100710110
9100710120
9100900500
9103100100
9103201042
9103400000
9105000100
9105000200
9105000400
9105000500
9105000800
9105000900
9105001900
9105002100
9105002400
9105002500
9105002600
9105002800
9105003000
9105003100
9105003500
9105003600
9105004300
9105004400
9105004500
9105004600
9105004800
9105005000
9105005300
9105005500
9105005700
9105005900
9105006500
9105006800
9105007100
9105007200
9105007500
9105008100
9105008300
9105008500
9105008900
9105009300
9105009500
9105009800
9105010000
9105011100
9105011200
9105013100
9105013200
9105013300
9105013400
9105013500
9105013600
9105013800
9105014000
9105014600
9105018600
9107002500
9400001302
9400001400
9400003000
9400011000
9400120700
9400140013
9400160003
9400160026
9400170101
9400170103
9400170104
9400170106
9400170108
9400170109
9400170110
9400170111
9400170113
9400170114
9400170115
9400170116
9400170118
9400170120
9400170122
9400170124
9400190003
9800370000
9800650011
9800650012
9800660002
9800660006
9800680012
9800690025
9800690028
9800700018
9800720002
9800770010
9800770029
9800780003
9800810007
9800810008
9800820011
9800830008
9800860009
9800870023
9800870034
9800950011
9800960008
9800970016
9801360008
9801370001
9801370002
9801370007
9801390001
9801390003
9801710001
9801710002
9801800003
9801810020
9801820018
9801820020
9801830006
9801840010
9801880002
9801900000
9801960008
9801960018
9801960028
9801960034
9802010009
9802010112
9802030004
9802150002
9802150016
9802150029
9802280001
9802360008
9802360009
9802360011
9802610005
9934250508
9935201607
9935201612
9935240501
9935250649
9935250660
9935250679
9935250698
9936243614
9938313610
9939253319
9939253321
9939253323
9939253339
9939253344
9939253610
9939261120
9939262511
9939263017
9940251301
9940252312
9940252412
9940252413
9940270528
9940270538
9940270610
9940272855
9940272863
9940302126
