0009100000
012303tr-B
0126049178
0126049179
0126049180
0126049181
0126049182
0126049288
0126049289
0126049290
012605TR-x
012605Tr-A
0133000276
0133000277
013300TR-A
022206Tr-A
022206Tr-B
022206Tr-C
022605TR-a
0235700000
0254000655
0299960000
0321069089
0323049680
0323049681
0394500051
0394500052
0394500053
0394500054
0425079110
0510000844
0510000846
0510001181
0510001182
0510001183
0510002086
0510002087
0510002088
0510002089
0510002090
0510004686
0517000000
0526059320
0526059321
0564700010
0564700020
0564700030
0564700040
0564700050
0564700060
0564700070
0564700080
0564700090
0564700100
0564700110
0564700120
0564700130
0564700140
0726059514
0726059515
0789000016
0789000017
0789000018
0868100000
0926059208
0926059209
0926059210
0926059211
1023089289
1099100164
1122550000
1125059149
112605TR-x
1139100000
1165010010
1165010020
1165010030
1165010040
1165010050
1165010060
1165010070
1165010080
1165010090
1165010100
1165010110
1165010120
1165010130
1165010140
1165010150
1165010160
1165010170
1165010180
1165010190
1165010200
1165010210
1165010220
1165010230
1165010240
1165010250
1165010260
1165010270
1165010280
1165010290
1165010300
1165010310
1165010320
1165010330
1165010340
1165010350
1165010360
1165010370
1165010380
1165010390
1165010400
1165010410
1165010420
1165010430
1165010440
1165010450
1165010460
1165010470
1232001088
1232001089
1245001613
1245001792
1245001793
1245001794
1245001795
1245001796
124500TR-1
132204Unkn
142605tr-B
1496450000
152403UNKN
1545840000
1568100461
162605tr-a
162606TR_a
1681350000
1748150000
1791550000
1822370550
1822370560
1822370930
1822370940
182605 T99
1839550000
1855900000
1862350000
1933100000
1966200023
1966200024
1966200026
1966200027
1966200028
1966200029
1972200356
1972200357
1972200358
1972205051
1972205052
1972205053
2025049234
2025049235
2025049236
2025049237
2025049238
2025049239
202505TR-a
2122069189
2123049221
2123049224
212406TR-a
2125049145
2129700351
2129700352
212970TR-A
2161950000
2182500081
2182500083
2182500084
2182500085
218250TR-A
222203UNKN
222406TR_A
2284020000
2284030000
2284040000
2284050000
2284060000
2284070000
2284080000
2284100000
2284110000
2284840000
2284860000
2284870000
2284880000
2284890000
2284900000
2284910000
2284920000
2286570000
2286650000
2286660000
2286670000
2286680000
2286690000
2286710000
2286720000
2286730000
2286750000
2301600000
2326069033
2359080000
2472970010
2472970020
2472970030
2472970040
2472970050
2472970060
2472970070
2472970080
2472970090
2472970100
2472970110
2472970120
2472970130
2472970140
2472970150
2472970160
2472970170
2472970180
2472970190
2472970200
2472970210
2472970220
2472970230
2472970240
2472970250
2472970260
2472970270
2472970280
2472970290
2472970300
2472970310
2472970320
2472970330
2472970340
2472970350
2472970360
2472970370
2472970380
2472970390
2472970400
2472970410
2472970420
2538780000
2539540000
2539670000
2539680000
2539690000
2539700000
2540500201
254050TR-A
2569660000
2569670000
2569680000
2569690000
2569720000
2569770000
2569810000
2570560000
2570570000
2570580000
2570590000
2570610000
2570620000
2570630000
2570640000
2570650000
2570660000
2570670000
2570680000
2570690000
2570700000
2570710000
2570720000
2570730000
2570740000
2570750000
2581900208
2581900209
2602960000
2602970000
2603010000
2603160000
2603170000
2603460000
2603490000
2603520000
2603530000
2606420000
2606430000
2617010000
2617020000
2617030000
2617040000
2617050000
2617060000
2617070000
2617080000
2617090000
2617260000
2617270000
2617280000
2617510000
2617520000
2617530000
2617540000
2617810000
2617820000
2617970000
2618050000
2683100023
2683100024
2683100026
2683100027
2767601727
2767603236
2767603237
2767603238
2767603421
2767603422
2767704851
2767704852
2767704853
2770600234
2770600237
2770600238
2770600239
2770602122
2770602123
2770602124
2821079111
2821079112
2821079113
2881800000
2887930000
2914700420
2918800000
2924300000
300180tr a
3033650000
3067600051
3159050000
3225059233
3226049580
3268370000
3285800010
3285800020
3285800030
3285800040
3285800050
3285800060
3285800070
3285800080
3285800090
3285800100
3285800110
3293700161
3293700162
3293700166
329370TR-A
3322069115
3322069116
3322069117
3322069118
332206TR-A
332206TR-B
3330500600
340170tr-B
3420100124
3438502456
3438502457
3438502458
3438502459
3438502461
3438502462
3438502463
3438502464
3472820000
352306tr-A
3623500364
3644050000
3758900261
3782740000
3834000066
3915000335
3915000345
4067600244
4083300531
4083300532
4083300533
4083801792
4083801793
4083801794
4083801796
4083801797
4083801798
4178710000
4238400000
4299800000
4314900000
4449850000
5098910000
5203200000
5332200497
5332200498
5332200499
5364200724
5461550000
5547520010
5547520020
5547520030
5547520040
5547520050
5547520060
5547520070
5547520080
5547520090
5547520100
5547520110
5547520120
5547520130
5547520140
5547520150
5547520160
5547520170
5547520180
5547520190
5547520200
5547520210
5547520220
5547520230
5547520240
5694000265
6003001556
6003001557
6003001558
6012950000
6049400071
6073270010
6073270020
6073270030
6073270040
6073270050
6073270060
6073270070
6073270080
6073270090
6073270100
6073270110
6073270120
6073270130
6073270140
6073270150
6073270160
6073270170
6073270180
6073270190
6073270200
607327TR-C
607327TR-E
6092950000
6092970000
6092980000
6092990000
6093010000
6093020000
6093030000
6093040000
6093080000
6093160000
6093550000
6093610000
6093620000
6094090000
6094260000
6094340000
6094690000
6095090000
6095140000
6095280000
6108700000
6139100084
6139100087
6139100136
6139100137
6139100138
6139100139
6139100140
6139100143
6139100144
6139100147
6145050000
6173100000
6300500416
6300500417
6300500418
6388901319
638890TR-A
6389010000
6389020000
6389050000
6389060000
6389080000
6389100000
6389110000
6389120000
6389130000
6389140000
6389150000
6389160000
6389170000
6389180000
6389330000
6389340000
6389480000
6389490000
6392130000
6398230000
6398240000
6399700000
6400370000
6400380000
6400390000
6400400000
6400410000
6400420000
6400430000
6400440000
6400450000
6400460000
6400470000
6400480000
6400510000
6400520000
6400530000
6400550000
6400560000
6400570000
6400580000
6400590000
6400600000
6400620000
6400630000
6400650000
6400660000
6400670000
6400680000
6400690000
6400710000
6400720000
6400730000
6400740000
6400750000
6400760000
6400770000
6400780000
6400790000
6400800000
6400810000
6400830000
6400850000
6400860000
6400870000
6400880000
6400890000
6401660000
6401670000
6445700000
6664300010
6664300020
6664300030
6664300040
6664300050
6664300060
6664300070
6664300080
6664300090
6664300100
6664300110
6664300120
6664300130
6664300140
6664300150
6664300160
6664300170
6664300180
6664300190
6664300200
6664300210
6664300220
6664300230
6664300240
6664300250
6664300260
6664300270
6664300280
6664300290
6668950000
6744700036
6744700104
6744700108
6799000010
6799000020
6799000030
6799000040
6799000050
6799000060
6799000070
6799000080
6799000090
6799000100
6799000110
6799000120
6799000130
6799000140
6799000150
6799000160
6799000170
6799000180
6799000190
6799000200
6799000210
6799000220
6799000230
6799000240
6799000250
6799000260
6799000270
6799000280
6799000290
6799000300
6799000310
6821101294
6926700535
7011201101
7011201102
7011201103
7132300006
7132300007
7132300008
7132300011
7132300012
7132300013
7132300014
7132300016
7132300017
7132300018
7132300306
7132300307
7132300308
7132300309
7132300311
7181550000
7186800031
7198810010
7198810020
7202600000
7222000112
7222000113
722200TR-A
7234600009
7234600011
7234600012
7234600013
7565900000
7579200716
7579200717
7625704386
7625704387
7625704388
7625704389
7625704486
7638200000
7663700392
7692220000
7692230000
7692240000
7692250000
7692260000
7692270000
7697070000
7697080000
7697090000
7697120000
7697760000
7697770000
7699140000
7699150000
7699160000
7699170000
7699180000
7699230000
7699240000
7699250000
7699260000
7699270000
7699950000
7740100036
7740100056
7740500056
7760040000
7760050000
7769600000
7800300000
7800870000
7800880000
7800920000
7800930000
7800940000
7800950000
7801010000
7801220000
7801230000
7801240000
7802890000
7803060000
7803130000
7803140000
7803150000
7803850000
7804720000
7804760000
7805010000
7805020000
7812400010
7812400020
7812400030
7812400040
7812400050
7812400060
7812400070
7812400080
7812400090
7812400100
7812400110
7812400120
7812400130
7812400140
7812400150
7812400160
7812400170
7812400180
7812400190
7821200309
7821200310
7853580000
7853950000
7857100010
7857100020
7857100030
7857100040
7857100050
7857100060
7857100070
7857100080
7857100090
7857100100
7857100110
7857100120
7857100130
7857100140
7857100150
7857100160
7857100170
7857100180
7857100190
7857100200
7857100210
7857100220
7857100230
7857100240
7857100250
7857100260
7857100270
7857100280
7857100290
7857100300
7857100310
7857100320
7857100330
7857100340
7857100350
7857100360
7857100370
7857100380
7857100390
7857100400
7857100410
7857100420
7857100430
7857100440
7857100450
7857100460
7857100470
7857100480
7857100490
7857100500
7857100510
7857100520
7857100530
7857100540
7857100550
7857100560
7857100570
7857100580
7857100590
7857100600
7857100610
7857100620
7857100630
7857100640
7857100650
7857100660
7857100670
7857100680
7859800000
7878500000
7882500000
7883603431
7885900000
7891600123
7891600124
7891600126
7933800000
7967660010
7967660020
7967660030
7967660040
7967660050
7967660060
7967660070
7967660080
7967660090
7967660100
7967660110
7967660120
7967660130
7967660140
7967660150
7967660160
7967660170
7967660180
7967660190
7967660200
7967660210
7967660220
7967660230
7967660240
7967660250
7967660260
7967660270
7967660280
7967660290
7967660300
7967660310
7967660320
7967660330
7967660340
796766TR E
796766TR-A
7981940000
8028650000
8132050000
8155730000
8575100000
8576300000
8598610000
8598910000
8601580000
8601590000
8601610000
8601620000
8601630000
8601640000
8601770000
8601780000
8602440000
8602490000
8602520000
8602530000
8602540000
8602550000
8602560000
8602660000
8602670000
8602680000
8602760000
8602990000
8603290000
8634180000
8634460000
8634480000
8634490000
8634520000
8634530000
8634540000
8634550000
8635940000
8635950000
8635960000
8636020000
8637440000
8637460000
8637470000
8641550000
8664840000
8664920010
8664920020
8664920030
8664920040
8664920050
8664920060
8664920070
8664920080
8664920090
8664920100
8664920110
8664920120
8664920130
8664920140
8664920150
8664920160
8664920170
8664920180
8664920190
8664920200
8664920210
8664920220
8664920230
8664920240
8664920250
8664920260
8664920270
8664920280
8664920290
8664920300
8664920310
8664920320
8664920330
8664920340
8664920350
8664920360
8664920370
8664920400
8664920410
8664920420
8664920430
8664920440
8664920450
8664920460
8664920470
8664920480
8664920490
8664920500
8664920510
8664920520
8664920530
8664920540
8664920550
8664920560
8664920570
8664920580
8664920590
8664920600
8664920610
8664920620
8664920630
8664920640
8664920650
8664920660
8664920670
8664920680
8664920690
8664920700
8664920710
8664920720
8664920730
8664920740
8664920750
8664920760
8664920770
8664920780
8664920790
8664920800
8664920810
8664920820
8664920830
8664920840
8664920850
8664920860
8664920870
8664920880
8664920890
8664920900
8664920910
8664920920
8664920930
8664920940
8664920950
8664920960
8664920970
8664920980
8664920990
8664921000
8664921010
8664930010
8664930020
8664930030
8664930040
8664930050
8664930060
8664930070
8664930080
8664930090
8664930100
8664930110
8664930120
8664930130
8664930140
8664930150
8664930160
8664930170
8664930180
8664930190
8664930200
8664930210
8664930220
8664930230
8664930240
8664930250
8664930260
8664930270
8664930280
8664930290
8664930300
8664930310
8664930320
8664930330
8684050000
8692200000
8692250000
8724870000
8724880000
8724890000
8724910000
8724920000
8724930000
8724940000
8724950000
8724960000
8724970000
8724980000
8724990000
8725010000
8726390000
8727140000
8727170000
8728610000
8729130010
8729130020
8729130030
8729130040
8729130050
8729130060
8729130070
8729130080
8729130090
8729130100
8729130110
8729130120
8729130130
8729130140
8729130150
8729130160
8729130170
8729130180
8729130190
8730020000
8730030000
8730080000
8730090000
8730110000
8730130000
8730140000
8730150000
8820902921
8823902620
8839900234
885720trct
8894150000
8962030010
8962030020
8962030030
8962030040
8962030050
8962030060
8962030070
8962030080
8962030090
8962030100
8962030110
8962030120
8962030130
8962030140
8962030150
8962030160
8962030170
8962030180
8962030190
8962030200
8962030210
8962030220
8962030230
8962030240
8962030250
8962030260
8962030270
8962030280
8962030290
8962030300
8962030310
8962030320
8962030330
8962030340
8962030350
8962030360
8962030370
8962030380
8962030390
8962030400
8962030410
8962030420
8962030430
8962030440
9137101982
9137101983
9137101984
9137101985
9144100312
9144100313
9144100314
914410UNKN
9206800000
9266701132
9266701133
9266701134
9266701136
9266701137
9268450000
9279201411
9358001660
9363600072
9373350000
9406340000
9427800000
9429500241
9518200011
9543000487
9906100000
