02120311000201
02120323040100
02120355001000
02120358142400
02120358170900
02131623020100
02131660010100
02131660021400
02131660030100
02131660032100
02131661000500
02132855010200
02132855021300
02132855021500
02132855030400
02132857027000
02133307060400
02133310230100
02133354001300
02133356001300
02133360010100
02133360042100
02133360050400
02133361000100
02133363000300
02133365000100
02133367000100
02133375001400
02133408010200
02151760209900
02151852000700
03100200001700
03100222120200
03100251020900
03100251021500
03100360000100
03101100001900
03101308050100
03101333001800
03101353001000
03101354000100
03101356000300
03102306730200
03102311001000
03102317150400
03102319013300
03102322190200
03102340000402
03102340000406
03102401902500
03102413160100
03102414000800
03102414001200
03102415010202
03102417000300
03102417170100
03102418011200
03102420100100
03102423000451
03102438000200
03102443000100
03102448000500
03102450000200
03102468000100
03102475060100
03102475070200
03102480000200
03102481030900
03102481040402
03102483000401
03102491000100
03102492000400
03110300001600
03110400000200
03110414060200
03110552000100
03110600000300
03110600001300
03110700002100
03110757000100
03110905290110
03111000000200
03111123090100
03111807130100
03111815060200
03111831000700
03111906041100
03111910000200
03111915030100
03111923001400
03111924001500
03111932000100
03111934000500
03111934005100
03111951000100
03111951010300
03111951030400
03111954010700
03111961010500
03111962050400
03111963011001
03111963011002
03111965010800
03111972090300
03111973011400
03111976010600
03111976010900
03111976050301
03111977000100
03111988000100
03112119120200
03112162000100
03112934000300
03112958010300
03112959010600
03112959010700
03112959040600
03112959041000
03112959060400
03112959090300
03112959090400
03112959090500
03112963020500
03112963020800
03112963030100
03113011000800
03113011001115
03113012000300
03113012002101
03113058020800
03113058041000
03113060030300
03113077030400
03113077031000
03113085000100
03113400000500
03120252000300
03120252000400
03120300000600
03120300001200
03120353004100
03120354000100
03120400000600
03120420160100
03120500000700
03120952010100
03120952010200
03121051000100
03121052000100
03121052000200
03121055000300
03121057000100
03121057000200
03121152000600
03121152003100
03121300001500
03122100000400
03122600000700
03122810040100
03123400000400
03123458551200
03123458551400
03123464000200
03130400000200
03130400000300
03130800000600
03130800000700
03131108040200
03131200001900
03131200002500
03131218050400
03131251000100
03131251000200
03131319210300
03131319210400
03131400001900
03131808220100
03132000002100
03132100001600
03132379600300
03132379600400
03132400000100
03132400001100
03132600000400
03132860000200
03133100000800
03133157000300
03140600000500
03140700000200
03140700001200
03141100001000
03141700000200
03141800001400
03142000000300
03142952000200
03150307260100
03150307260400
03150600000300
03151151080100
03151151090100
03151151090300
03151451010900
03151950000100
03152051000200
03161852000200
03162700000200
03163000000500
03202100000400
03210951030300
03210951050300
03211751080400
03211752002200
04100100000700
04100200001500
04100219020200
04101155000400
04101160000300
04101200000300
04101300001500
04101300002100
04101358000100
04101400000300
04103607230200
04103618021100
04103618021300
04103618022100
04103618022700
04103656000100
04103656000200
04103661000300
04110100000300
04110200000100
04110200000400
04110300000500
04110400000300
04110400000600
04110500000100
04110500000700
04110700000800
04110800000100
04110800000300
04110800000700
04110800000800
04110900000200
04111100000100
04111851000200
04111900002000
04112000000700
04112500001600
04112751000100
04112754000200
04112800000700
04113011160200
04113019270200
04113019270300
04113300000500
04113500000400
04120600000200
04120954001100
04120954002000
04121052003900
04121151000400
04121552005600
04121552006700
04122452000200
04122452000400
04122507080700
04122600001500
04122652000400
04131207710200
04131208460100
04132250100800
04132250101600
04132250110400
04132250150800
04132251020300
04132251030100
04132260001000
04132260001100
04132350022600
04132350030300
04132350041600
04132350130300
04132800000400
04132814001400
04133300000300
04140100001700
04140200000400
04141200000100
04141900001100
04142900001500
04142900001600
04143000000300
04143200000800
04143200001800
04143200001900
04150421200100
04150606090400
04150800000100
04152000000500
04152007600100
04152007600200
04152007600300
04152007600400
04152750000300
04152751000400
04152900000200
04152900002000
04153000000100
04153050000100
04153100000300
04153100000400
04153100000500
04153107670300
04153200001400
04153507050400
04160100001300
04160100001400
04160130000100
04160130001100
04160134001700
04160230000600
04160344001300
04160421230100
04160421230200
04160500000100
04160554000300
04160554000400
04160800001000
04160800001100
04160855001400
04161000002400
04161009150200
04161068000300
04161068000400
04161158040100
04161165000300
04161200000600
04161500000900
04161500001000
04161500001100
04161554000200
04161604020700
04161604021300
04161604021400
04161633000400
04161645000100
04161660000500
04161714010100
04161730000200
04161755000100
04161755080200
04161756040100
04161761000200
04161900001400
04162050001700
04162050001900
04162052000400
04162053110300
04162053111300
04162053121400
04162053140400
04162053140500
04162053143300
04162053151000
04162053151100
04162053161400
04162054000100
04162054171000
04162054190200
04162054190300
04162054190500
04162055210100
04162055210200
04162055210500
04162055231600
04162055260500
04162055270700
04162055280800
04162055281500
04162055310100
04162055310800
04162056020100
04162056020500
04162056101400
04162057420900
04162057450600
04162057451500
04162057470700
04162057481000
04162058371600
04162058381000
04162058390600
04162058400900
04162060020900
04162060021200
04162060021300
04162060160300
04162061091600
04162063020700
04162107020600
04162107020700
04162112000100
04162120020100
04162121001500
04162121001800
04162122000100
04162124000700
04162152040200
04162152080200
04162154010300
04162154011700
04162154040300
04162155041600
04162155050800
04162156060300
04162158030800
04162161021300
04162161021400
04162161071300
04162161081400
04162163010600
04162165030300
04162165090300
04162166011100
04162166011200
04162166021500
04162170002200
04162175000100
04162181000100
04162255000300
04162321250100
04162822000700
04162822001500
04162822001700
04162833001000
04162833001001
04162852000200
04162853000500
04162860002000
04162860003100
04162891101300
04163055000400
04163056000100
04163221280200
04163255000200
04170300000700
04170555000100
04170555000200
04170555000300
04170555000400
04170611090200
04170611090300
04170700000600
04170900001300
04171000001300
04171050000400
04171100000300
04171108200100
04171108200200
04171520040200
04172109210100
04172215050400
04172251000300
04172314080300
04172500002300
04172550000200
04173116040100
04173300000300
04180500001700
04180600000200
04180600000800
04180600001300
04180657020001
04181400001100
05100551000700
05101200000200
05103551000100
05112500000200
05112600000500
05120800000100
05120900000200
05121000000100
05121500000200
05121700000100
05121800000200
05123100000200
05123100000300
05123500000300
05140900001300
05141000000100
05141000000700
05141300000100
05141300000600
05141400000500
05141609080100
05142100000800
05142251002000
05142400000100
05142400002400
05142408080200
05142450000300
05142451000300
05142555000200
05142557000100
05142656000300
05143659000100
05150300000100
05150353003000
05151000000500
05151023013100
05151354006400
05151500000400
05151600000000
05152153000100
05152158110300
05152158110400
05152200000600
05152200001400
05152307650100
05152400000100
05152421180200
05152520210400
05152554000400
05152607650300
05152654000200
05152700001700
05152700001800
05152710020400
05152722070200
05153122260200
05153500001100
05153651000300
05162322080200
05162351000300
05162400000100
05162400000600
05162400001100
05162819310100
05162851000400
05162856000300
05162962017500
05162963010600
05162963019000
05163061014600
05163161012800
05163161013100
05163262004200
05163262010300
05163263003400
05163263006500
05163263009500
05163300001300
05163400001300
05163422090100
05170100000000
05170200000100
05170300000700
05170910280300
05170921110100
05170921110200
05170921110300
05171100000100
05171352000200
05171352000300
05171406030600
05171422020300
05171751000200
05172154000100
05172154000200
05172353000200
05172500000400
05172859000100
05172952000100
05172952000200
05172958001400
05172960000100
05172962000100
05173123030200
05173156000100
05173160000200
05173263000200
05173352000200
05173353000100
05173369000300
05173400000700
05173451000200
05180700000000
05182100000100
05183100002700
05183100002800
05183151000200
05183152000400
05183200000200
05190100000600
05190100000800
05212800000400
05232615160200
06100600000200
06101400003200
06101455000400
06101500000800
06102222140200
06102240000200
06102252001600
06102261000200
06102266000100
06102276001000
06102358000300
06102358000400
06102400000200
06102600000200
06102656000600
06113100000500
06120219040300
06121018130200
06121022150400
06121042000600
06121055010300
06121056010100
06121056020700
06121300000900
06121500000500
06121551000100
06121615150200
06123400000300
06142200000100
06152300000000
06152400000200
06153400000100
06153500000100
06191300001700
06191300002300
06191400002000
06191451000300
06191500001900
06191500002600
06191500002700
06192200001100
06192200001300
06192200001400
06192300005700
06192300016700
06192600002500
06192600002600
06193500000900
06201550010500
06202250050700
06202250130100
06202250200100
06202250230500
06202821290300
06203100000700
